1	2;0.0
10000	0;1.0E-4
1006	1007;5.5629465E-5
1011	1012;1.0E-4
102	103;1.4999998E-5
1029	1030;1.0E-4
1034	1035;1.0E-4
1057	1058;1.0E-4
1062	1063;1.0E-4
1085	1086;1.0E-4
1090	1091;1.0E-4
1107	1108;6.228505E-5
1112	1113;1.0E-4
1135	1136;1.0E-4
1140	1141;1.0E-4
1158	1159;1.0E-4
1163	1164;1.0E-4
1186	1187;1.0E-4
1191	1192;1.0E-4
1208	1209;6.7942296E-5
1213	1214;1.0E-4
1236	1237;1.0E-4
1241	1242;1.0E-4
125	126;1.0E-4
1259	1260;1.0E-4
1264	1265;1.0E-4
1287	1288;1.0E-4
1292	1293;1.0E-4
130	131;1.0E-4
1309	1310;7.275095E-5
1314	1315;1.0E-4
1337	1338;1.0E-4
1342	1343;1.0E-4
1365	1366;1.0E-4
1370	1371;1.0E-4
1388	1389;1.0E-4
1393	1394;1.0E-4
1415	1416;1.0E-4
1420	1421;1.0E-4
1438	1439;1.0E-4
1443	1444;1.0E-4
1466	1467;1.0E-4
1471	1472;1.0E-4
148	149;1.0E-4
1489	1490;1.0E-4
1494	1495;1.0E-4
1516	1517;1.0E-4
1521	1522;1.0E-4
153	154;1.0E-4
1539	1540;1.0E-4
1544	1545;1.0E-4
1567	1568;1.0E-4
1572	1573;1.0E-4
1595	1596;1.0E-4
1617	1618;1.0E-4
1622	1623;1.0E-4
1645	1646;1.0E-4
1650	1651;1.0E-4
1668	1669;1.0E-4
1673	1674;1.0E-4
1696	1697;1.0E-4
1700	0;1.0E-4
1718	1719;1.0E-4
1723	1724;1.0E-4
1746	1747;1.0E-4
1751	1752;1.0E-4
176	177;1.0E-4
1769	1770;1.0E-4
1774	1775;1.0E-4
1797	1798;1.0E-4
1801	1802;0.0
181	182;1.0E-4
1819	1820;1.0E-4
1824	1825;1.0E-4
1847	1848;1.0E-4
1852	1853;1.0E-4
1875	1876;1.0E-4
1880	1881;1.0E-4
1898	1899;1.0E-4
19	20;1.0E-4
1902	1903;1.4999998E-5
1925	1926;1.0E-4
1930	1931;1.0E-4
1948	1949;1.0E-4
1953	1954;1.0E-4
1976	1977;1.0E-4
1981	1982;1.0E-4
199	200;1.0E-4
1999	2000;1.0E-4
2016	2017;1.0E-4
2021	2022;1.0E-4
203	204;2.7749997E-5
2039	2040;1.0E-4
2044	2045;1.0E-4
2067	2068;1.0E-4
2072	2073;1.0E-4
2095	2096;1.0E-4
2117	2118;1.0E-4
2122	2123;1.0E-4
2145	2146;1.0E-4
2150	2151;1.0E-4
2168	2169;1.0E-4
2173	2174;1.0E-4
2196	2197;1.0E-4
2200	0;1.0E-4
2218	2219;1.0E-4
2223	2224;1.0E-4
2246	2247;1.0E-4
2251	2252;1.0E-4
226	227;1.0E-4
2269	2270;1.0E-4
2274	2275;1.0E-4
2297	2298;1.0E-4
2301	2302;0.0
231	232;1.0E-4
2319	2320;1.0E-4
2324	2325;1.0E-4
2347	2348;1.0E-4
2352	2353;1.0E-4
2375	2376;1.0E-4
2380	2381;1.0E-4
2398	2399;1.0E-4
24	25;1.0E-4
2402	2403;1.4999998E-5
2425	2426;1.0E-4
2430	2431;1.0E-4
2448	2449;1.0E-4
2453	2454;1.0E-4
2476	2477;1.0E-4
2481	2482;1.0E-4
249	250;1.0E-4
2499	2500;1.0E-4
2503	2504;2.7749997E-5
2526	2527;1.0E-4
2531	2532;1.0E-4
254	255;1.0E-4
2549	2550;1.0E-4
2554	2555;1.0E-4
2577	2578;1.0E-4
2582	2583;1.0E-4
2604	2605;3.8587496E-5
2627	2628;1.0E-4
2632	2633;1.0E-4
2655	2656;1.0E-4
2660	2661;1.0E-4
2678	2679;1.0E-4
2683	2684;1.0E-4
2705	2706;4.779937E-5
2710	2711;7.68383E-5
2728	2729;1.0E-4
2733	2734;1.0E-4
2756	2757;1.0E-4
2761	2762;1.0E-4
277	278;1.0E-4
2779	2780;1.0E-4
2784	2785;1.0E-4
2806	2807;5.5629465E-5
2811	2812;1.0E-4
282	283;1.0E-4
2829	2830;1.0E-4
2834	2835;1.0E-4
2857	2858;1.0E-4
2862	2863;1.0E-4
2885	2886;1.0E-4
2890	2891;1.0E-4
2907	2908;6.228505E-5
2912	2913;1.0E-4
2935	2936;1.0E-4
2940	2941;1.0E-4
2958	2959;1.0E-4
2963	2964;1.0E-4
2986	2987;1.0E-4
2991	2992;1.0E-4
3003	3004;2.7749997E-5
3026	3027;1.0E-4
3031	3032;1.0E-4
304	305;3.8587496E-5
3049	3050;1.0E-4
3054	3055;1.0E-4
3077	3078;1.0E-4
3082	3083;1.0E-4
3104	3105;3.8587496E-5
3127	3128;1.0E-4
3132	3133;1.0E-4
3155	3156;1.0E-4
3160	3161;1.0E-4
3178	3179;1.0E-4
3183	3184;1.0E-4
3205	3206;4.779937E-5
3210	3211;7.68383E-5
3228	3229;1.0E-4
3233	3234;1.0E-4
3256	3257;1.0E-4
3261	3262;1.0E-4
327	328;1.0E-4
3279	3280;1.0E-4
3284	3285;1.0E-4
3306	3307;5.5629465E-5
3311	3312;1.0E-4
332	333;1.0E-4
3329	3330;1.0E-4
3334	3335;1.0E-4
3357	3358;1.0E-4
3362	3363;1.0E-4
3385	3386;1.0E-4
3390	3391;1.0E-4
3407	3408;6.228505E-5
3412	3413;1.0E-4
3435	3436;1.0E-4
3440	3441;1.0E-4
3458	3459;1.0E-4
3463	3464;1.0E-4
3486	3487;1.0E-4
3491	3492;1.0E-4
3508	3509;6.7942296E-5
3513	3514;1.0E-4
3536	3537;1.0E-4
3541	3542;1.0E-4
355	356;1.0E-4
3559	3560;1.0E-4
3564	3565;1.0E-4
3587	3588;1.0E-4
3592	3593;1.0E-4
360	361;1.0E-4
3609	3610;7.275095E-5
3614	3615;1.0E-4
3637	3638;1.0E-4
3642	3643;1.0E-4
3665	3666;1.0E-4
3670	3671;1.0E-4
3688	3689;1.0E-4
3693	3694;1.0E-4
3715	3716;1.0E-4
3720	3721;1.0E-4
3738	3739;1.0E-4
3743	3744;1.0E-4
3766	3767;1.0E-4
3771	3772;1.0E-4
378	379;1.0E-4
3789	3790;1.0E-4
3794	3795;1.0E-4
3816	3817;1.0E-4
3821	3822;1.0E-4
383	384;1.0E-4
3839	3840;1.0E-4
3844	3845;1.0E-4
3867	3868;1.0E-4
3872	3873;1.0E-4
3895	3896;1.0E-4
3917	3918;1.0E-4
3922	3923;1.0E-4
3945	3946;1.0E-4
3950	3951;1.0E-4
3968	3969;1.0E-4
3973	3974;1.0E-4
3996	3997;1.0E-4
4008	4009;6.7942296E-5
4013	4014;1.0E-4
4036	4037;1.0E-4
4041	4042;1.0E-4
405	406;4.779937E-5
4059	4060;1.0E-4
4064	4065;1.0E-4
4087	4088;1.0E-4
4092	4093;1.0E-4
410	411;7.68383E-5
4109	4110;7.275095E-5
4114	4115;1.0E-4
4137	4138;1.0E-4
4142	4143;1.0E-4
4165	4166;1.0E-4
4170	4171;1.0E-4
4188	4189;1.0E-4
4193	4194;1.0E-4
4215	4216;1.0E-4
4220	4221;1.0E-4
4238	4239;1.0E-4
4243	4244;1.0E-4
4266	4267;1.0E-4
4271	4272;1.0E-4
428	429;1.0E-4
4289	4290;1.0E-4
4294	4295;1.0E-4
4316	4317;1.0E-4
4321	4322;1.0E-4
433	434;1.0E-4
4339	4340;1.0E-4
4344	4345;1.0E-4
4367	4368;1.0E-4
4372	4373;1.0E-4
4395	4396;1.0E-4
4417	4418;1.0E-4
4422	4423;1.0E-4
4445	4446;1.0E-4
4450	4451;1.0E-4
4468	4469;1.0E-4
4473	4474;1.0E-4
4496	4497;1.0E-4
4500	0;1.0E-4
4518	4519;1.0E-4
4523	4524;1.0E-4
4546	4547;1.0E-4
4551	4552;1.0E-4
456	457;1.0E-4
4569	4570;1.0E-4
4574	4575;1.0E-4
4597	4598;1.0E-4
4601	4602;0.0
461	462;1.0E-4
4619	4620;1.0E-4
4624	4625;1.0E-4
4647	4648;1.0E-4
4652	4653;1.0E-4
4675	4676;1.0E-4
4680	4681;1.0E-4
4698	4699;1.0E-4
47	48;1.0E-4
4702	4703;1.4999998E-5
4725	4726;1.0E-4
4730	4731;1.0E-4
4748	4749;1.0E-4
4753	4754;1.0E-4
4776	4777;1.0E-4
4781	4782;1.0E-4
479	480;1.0E-4
4799	4800;1.0E-4
4803	4804;2.7749997E-5
4826	4827;1.0E-4
4831	4832;1.0E-4
484	485;1.0E-4
4849	4850;1.0E-4
4854	4855;1.0E-4
4877	4878;1.0E-4
4882	4883;1.0E-4
4904	4905;3.8587496E-5
4927	4928;1.0E-4
4932	4933;1.0E-4
4955	4956;1.0E-4
4960	4961;1.0E-4
4978	4979;1.0E-4
4983	4984;1.0E-4
5000	0;1.0E-4
5018	5019;1.0E-4
5023	5024;1.0E-4
5046	5047;1.0E-4
5051	5052;1.0E-4
506	507;5.5629465E-5
5069	5070;1.0E-4
5074	5075;1.0E-4
5097	5098;1.0E-4
5101	5102;0.0
511	512;1.0E-4
5119	5120;1.0E-4
5124	5125;1.0E-4
5147	5148;1.0E-4
5152	5153;1.0E-4
5175	5176;1.0E-4
5180	5181;1.0E-4
5198	5199;1.0E-4
52	53;1.0E-4
5202	5203;1.4999998E-5
5225	5226;1.0E-4
5230	5231;1.0E-4
5248	5249;1.0E-4
5253	5254;1.0E-4
5276	5277;1.0E-4
5281	5282;1.0E-4
529	530;1.0E-4
5299	5300;1.0E-4
5303	5304;2.7749997E-5
5326	5327;1.0E-4
5331	5332;1.0E-4
534	535;1.0E-4
5349	5350;1.0E-4
5354	5355;1.0E-4
5377	5378;1.0E-4
5382	5383;1.0E-4
5404	5405;3.8587496E-5
5427	5428;1.0E-4
5432	5433;1.0E-4
5455	5456;1.0E-4
5460	5461;1.0E-4
5478	5479;1.0E-4
5483	5484;1.0E-4
5505	5506;4.779937E-5
5510	5511;7.68383E-5
5528	5529;1.0E-4
5533	5534;1.0E-4
5556	5557;1.0E-4
5561	5562;1.0E-4
557	558;1.0E-4
5579	5580;1.0E-4
5584	5585;1.0E-4
5606	5607;5.5629465E-5
5611	5612;1.0E-4
562	563;1.0E-4
5629	5630;1.0E-4
5634	5635;1.0E-4
5657	5658;1.0E-4
5662	5663;1.0E-4
5685	5686;1.0E-4
5690	5691;1.0E-4
5707	5708;6.228505E-5
5712	5713;1.0E-4
5735	5736;1.0E-4
5740	5741;1.0E-4
5758	5759;1.0E-4
5763	5764;1.0E-4
5786	5787;1.0E-4
5791	5792;1.0E-4
5808	5809;6.7942296E-5
5813	5814;1.0E-4
5836	5837;1.0E-4
5841	5842;1.0E-4
585	586;1.0E-4
5859	5860;1.0E-4
5864	5865;1.0E-4
5887	5888;1.0E-4
5892	5893;1.0E-4
590	591;1.0E-4
5909	5910;7.275095E-5
5914	5915;1.0E-4
5937	5938;1.0E-4
5942	5943;1.0E-4
5965	5966;1.0E-4
5970	5971;1.0E-4
5988	5989;1.0E-4
5993	5994;1.0E-4
6005	6006;4.779937E-5
6010	6011;7.68383E-5
6028	6029;1.0E-4
6033	6034;1.0E-4
6056	6057;1.0E-4
6061	6062;1.0E-4
607	608;6.228505E-5
6079	6080;1.0E-4
6084	6085;1.0E-4
6106	6107;5.5629465E-5
6111	6112;1.0E-4
612	613;1.0E-4
6129	6130;1.0E-4
6134	6135;1.0E-4
6157	6158;1.0E-4
6162	6163;1.0E-4
6185	6186;1.0E-4
6190	6191;1.0E-4
6207	6208;6.228505E-5
6212	6213;1.0E-4
6235	6236;1.0E-4
6240	6241;1.0E-4
6258	6259;1.0E-4
6263	6264;1.0E-4
6286	6287;1.0E-4
6291	6292;1.0E-4
6308	6309;6.7942296E-5
6313	6314;1.0E-4
6336	6337;1.0E-4
6341	6342;1.0E-4
635	636;1.0E-4
6359	6360;1.0E-4
6364	6365;1.0E-4
6387	6388;1.0E-4
6392	6393;1.0E-4
640	641;1.0E-4
6409	6410;7.275095E-5
6414	6415;1.0E-4
6437	6438;1.0E-4
6442	6443;1.0E-4
6465	6466;1.0E-4
6470	6471;1.0E-4
6488	6489;1.0E-4
6493	6494;1.0E-4
6515	6516;1.0E-4
6520	6521;1.0E-4
6538	6539;1.0E-4
6543	6544;1.0E-4
6566	6567;1.0E-4
6571	6572;1.0E-4
658	659;1.0E-4
6589	6590;1.0E-4
6594	6595;1.0E-4
6616	6617;1.0E-4
6621	6622;1.0E-4
663	664;1.0E-4
6639	6640;1.0E-4
6644	6645;1.0E-4
6667	6668;1.0E-4
6672	6673;1.0E-4
6695	6696;1.0E-4
6717	6718;1.0E-4
6722	6723;1.0E-4
6745	6746;1.0E-4
6750	6751;1.0E-4
6768	6769;1.0E-4
6773	6774;1.0E-4
6796	6797;1.0E-4
6800	0;1.0E-4
6818	6819;1.0E-4
6823	6824;1.0E-4
6846	6847;1.0E-4
6851	6852;1.0E-4
686	687;1.0E-4
6869	6870;1.0E-4
6874	6875;1.0E-4
6897	6898;1.0E-4
6901	6902;0.0
691	692;1.0E-4
6919	6920;1.0E-4
6924	6925;1.0E-4
6947	6948;1.0E-4
6952	6953;1.0E-4
6975	6976;1.0E-4
6980	6981;1.0E-4
6998	6999;1.0E-4
7015	7016;1.0E-4
7020	7021;1.0E-4
7038	7039;1.0E-4
7043	7044;1.0E-4
7066	7067;1.0E-4
7071	7072;1.0E-4
708	709;6.7942296E-5
7089	7090;1.0E-4
7094	7095;1.0E-4
7116	7117;1.0E-4
7121	7122;1.0E-4
713	714;1.0E-4
7139	7140;1.0E-4
7144	7145;1.0E-4
7167	7168;1.0E-4
7172	7173;1.0E-4
7195	7196;1.0E-4
7217	7218;1.0E-4
7222	7223;1.0E-4
7245	7246;1.0E-4
7250	7251;1.0E-4
7268	7269;1.0E-4
7273	7274;1.0E-4
7296	7297;1.0E-4
7300	0;1.0E-4
7318	7319;1.0E-4
7323	7324;1.0E-4
7346	7347;1.0E-4
7351	7352;1.0E-4
736	737;1.0E-4
7369	7370;1.0E-4
7374	7375;1.0E-4
7397	7398;1.0E-4
7401	7402;0.0
741	742;1.0E-4
7419	7420;1.0E-4
7424	7425;1.0E-4
7447	7448;1.0E-4
7452	7453;1.0E-4
7475	7476;1.0E-4
7480	7481;1.0E-4
7498	7499;1.0E-4
75	76;1.0E-4
7502	7503;1.4999998E-5
7525	7526;1.0E-4
7530	7531;1.0E-4
7548	7549;1.0E-4
7553	7554;1.0E-4
7576	7577;1.0E-4
7581	7582;1.0E-4
759	760;1.0E-4
7599	7600;1.0E-4
7603	7604;2.7749997E-5
7626	7627;1.0E-4
7631	7632;1.0E-4
764	765;1.0E-4
7649	7650;1.0E-4
7654	7655;1.0E-4
7677	7678;1.0E-4
7682	7683;1.0E-4
7704	7705;3.8587496E-5
7727	7728;1.0E-4
7732	7733;1.0E-4
7755	7756;1.0E-4
7760	7761;1.0E-4
7778	7779;1.0E-4
7783	7784;1.0E-4
7805	7806;4.779937E-5
7810	7811;7.68383E-5
7828	7829;1.0E-4
7833	7834;1.0E-4
7856	7857;1.0E-4
7861	7862;1.0E-4
787	788;1.0E-4
7879	7880;1.0E-4
7884	7885;1.0E-4
7906	7907;5.5629465E-5
7911	7912;1.0E-4
792	793;1.0E-4
7929	7930;1.0E-4
7934	7935;1.0E-4
7957	7958;1.0E-4
7962	7963;1.0E-4
7985	7986;1.0E-4
7990	7991;1.0E-4
80	81;1.0E-4
8002	8003;1.4999998E-5
8025	8026;1.0E-4
8030	8031;1.0E-4
8048	8049;1.0E-4
8053	8054;1.0E-4
8076	8077;1.0E-4
8081	8082;1.0E-4
809	810;7.275095E-5
8099	8100;1.0E-4
8103	8104;2.7749997E-5
8126	8127;1.0E-4
8131	8132;1.0E-4
814	815;1.0E-4
8149	8150;1.0E-4
8154	8155;1.0E-4
8177	8178;1.0E-4
8182	8183;1.0E-4
8204	8205;3.8587496E-5
8227	8228;1.0E-4
8232	8233;1.0E-4
8255	8256;1.0E-4
8260	8261;1.0E-4
8278	8279;1.0E-4
8283	8284;1.0E-4
8305	8306;4.779937E-5
8310	8311;7.68383E-5
8328	8329;1.0E-4
8333	8334;1.0E-4
8356	8357;1.0E-4
8361	8362;1.0E-4
837	838;1.0E-4
8379	8380;1.0E-4
8384	8385;1.0E-4
8406	8407;5.5629465E-5
8411	8412;1.0E-4
842	843;1.0E-4
8429	8430;1.0E-4
8434	8435;1.0E-4
8457	8458;1.0E-4
8462	8463;1.0E-4
8485	8486;1.0E-4
8490	8491;1.0E-4
8507	8508;6.228505E-5
8512	8513;1.0E-4
8535	8536;1.0E-4
8540	8541;1.0E-4
8558	8559;1.0E-4
8563	8564;1.0E-4
8586	8587;1.0E-4
8591	8592;1.0E-4
8608	8609;6.7942296E-5
8613	8614;1.0E-4
8636	8637;1.0E-4
8641	8642;1.0E-4
865	866;1.0E-4
8659	8660;1.0E-4
8664	8665;1.0E-4
8687	8688;1.0E-4
8692	8693;1.0E-4
870	871;1.0E-4
8709	8710;7.275095E-5
8714	8715;1.0E-4
8737	8738;1.0E-4
8742	8743;1.0E-4
8765	8766;1.0E-4
8770	8771;1.0E-4
8788	8789;1.0E-4
8793	8794;1.0E-4
8815	8816;1.0E-4
8820	8821;1.0E-4
8838	8839;1.0E-4
8843	8844;1.0E-4
8866	8867;1.0E-4
8871	8872;1.0E-4
888	889;1.0E-4
8889	8890;1.0E-4
8894	8895;1.0E-4
8916	8917;1.0E-4
8921	8922;1.0E-4
893	894;1.0E-4
8939	8940;1.0E-4
8944	8945;1.0E-4
8967	8968;1.0E-4
8972	8973;1.0E-4
8995	8996;1.0E-4
9007	9008;6.228505E-5
9012	9013;1.0E-4
9035	9036;1.0E-4
9040	9041;1.0E-4
9058	9059;1.0E-4
9063	9064;1.0E-4
9086	9087;1.0E-4
9091	9092;1.0E-4
9108	9109;6.7942296E-5
9113	9114;1.0E-4
9136	9137;1.0E-4
9141	9142;1.0E-4
915	916;1.0E-4
9159	9160;1.0E-4
9164	9165;1.0E-4
9187	9188;1.0E-4
9192	9193;1.0E-4
920	921;1.0E-4
9209	9210;7.275095E-5
9214	9215;1.0E-4
9237	9238;1.0E-4
9242	9243;1.0E-4
9265	9266;1.0E-4
9270	9271;1.0E-4
9288	9289;1.0E-4
9293	9294;1.0E-4
9315	9316;1.0E-4
9320	9321;1.0E-4
9338	9339;1.0E-4
9343	9344;1.0E-4
9366	9367;1.0E-4
9371	9372;1.0E-4
938	939;1.0E-4
9389	9390;1.0E-4
9394	9395;1.0E-4
9416	9417;1.0E-4
9421	9422;1.0E-4
943	944;1.0E-4
9439	9440;1.0E-4
9444	9445;1.0E-4
9467	9468;1.0E-4
9472	9473;1.0E-4
9495	9496;1.0E-4
9517	9518;1.0E-4
9522	9523;1.0E-4
9545	9546;1.0E-4
9550	9551;1.0E-4
9568	9569;1.0E-4
9573	9574;1.0E-4
9596	9597;1.0E-4
9600	0;1.0E-4
9618	9619;1.0E-4
9623	9624;1.0E-4
9646	9647;1.0E-4
9651	9652;1.0E-4
966	967;1.0E-4
9669	9670;1.0E-4
9674	9675;1.0E-4
9697	9698;1.0E-4
9701	9702;0.0
971	972;1.0E-4
9719	9720;1.0E-4
9724	9725;1.0E-4
9747	9748;1.0E-4
9752	9753;1.0E-4
9775	9776;1.0E-4
9780	9781;1.0E-4
9798	9799;1.0E-4
98	99;1.0E-4
9802	9803;1.4999998E-5
9825	9826;1.0E-4
9830	9831;1.0E-4
9848	9849;1.0E-4
9853	9854;1.0E-4
9876	9877;1.0E-4
9881	9882;1.0E-4
989	990;1.0E-4
9899	9900;1.0E-4
9903	9904;2.7749997E-5
9926	9927;1.0E-4
9931	9932;1.0E-4
994	995;1.0E-4
9949	9950;1.0E-4
9954	9955;1.0E-4
9977	9978;1.0E-4
9982	9983;1.0E-4
