1017	1018;1.0E-4
1022	1023;1.0E-4
1045	1046;1.0E-4
1050	1051;1.0E-4
1068	1069;1.0E-4
1073	1074;1.0E-4
108	109;6.7942296E-5
1096	1097;1.0E-4
1100	0;1.0E-4
1118	1119;1.0E-4
1123	1124;1.0E-4
113	114;1.0E-4
1146	1147;1.0E-4
1151	1152;1.0E-4
1169	1170;1.0E-4
1174	1175;1.0E-4
1197	1198;1.0E-4
12	13;1.0E-4
1201	1202;0.0
1219	1220;1.0E-4
1224	1225;1.0E-4
1247	1248;1.0E-4
1252	1253;1.0E-4
1275	1276;1.0E-4
1280	1281;1.0E-4
1298	1299;1.0E-4
1302	1303;1.4999998E-5
1325	1326;1.0E-4
1330	1331;1.0E-4
1348	1349;1.0E-4
1353	1354;1.0E-4
136	137;1.0E-4
1376	1377;1.0E-4
1381	1382;1.0E-4
1399	1400;1.0E-4
1403	1404;2.7749997E-5
141	142;1.0E-4
1426	1427;1.0E-4
1431	1432;1.0E-4
1449	1450;1.0E-4
1454	1455;1.0E-4
1477	1478;1.0E-4
1482	1483;1.0E-4
1504	1505;3.8587496E-5
1527	1528;1.0E-4
1532	1533;1.0E-4
1555	1556;1.0E-4
1560	1561;1.0E-4
1578	1579;1.0E-4
1583	1584;1.0E-4
159	160;1.0E-4
1605	1606;4.779937E-5
1610	1611;7.68383E-5
1628	1629;1.0E-4
1633	1634;1.0E-4
164	165;1.0E-4
1656	1657;1.0E-4
1661	1662;1.0E-4
1679	1680;1.0E-4
1684	1685;1.0E-4
1706	1707;5.5629465E-5
1711	1712;1.0E-4
1729	1730;1.0E-4
1734	1735;1.0E-4
1757	1758;1.0E-4
1762	1763;1.0E-4
1785	1786;1.0E-4
1790	1791;1.0E-4
1807	1808;6.228505E-5
1812	1813;1.0E-4
1835	1836;1.0E-4
1840	1841;1.0E-4
1858	1859;1.0E-4
1863	1864;1.0E-4
187	188;1.0E-4
1886	1887;1.0E-4
1891	1892;1.0E-4
1908	1909;6.7942296E-5
1913	1914;1.0E-4
192	193;1.0E-4
1936	1937;1.0E-4
1941	1942;1.0E-4
1959	1960;1.0E-4
1964	1965;1.0E-4
1987	1988;1.0E-4
1992	1993;1.0E-4
2004	2005;3.8587496E-5
2027	2028;1.0E-4
2032	2033;1.0E-4
2055	2056;1.0E-4
2060	2061;1.0E-4
2078	2079;1.0E-4
2083	2084;1.0E-4
209	210;7.275095E-5
2105	2106;4.779937E-5
2110	2111;7.68383E-5
2128	2129;1.0E-4
2133	2134;1.0E-4
214	215;1.0E-4
2156	2157;1.0E-4
2161	2162;1.0E-4
2179	2180;1.0E-4
2184	2185;1.0E-4
2206	2207;5.5629465E-5
2211	2212;1.0E-4
2229	2230;1.0E-4
2234	2235;1.0E-4
2257	2258;1.0E-4
2262	2263;1.0E-4
2285	2286;1.0E-4
2290	2291;1.0E-4
2307	2308;6.228505E-5
2312	2313;1.0E-4
2335	2336;1.0E-4
2340	2341;1.0E-4
2358	2359;1.0E-4
2363	2364;1.0E-4
237	238;1.0E-4
2386	2387;1.0E-4
2391	2392;1.0E-4
2408	2409;6.7942296E-5
2413	2414;1.0E-4
242	243;1.0E-4
2436	2437;1.0E-4
2441	2442;1.0E-4
2459	2460;1.0E-4
2464	2465;1.0E-4
2487	2488;1.0E-4
2492	2493;1.0E-4
2509	2510;7.275095E-5
2514	2515;1.0E-4
2537	2538;1.0E-4
2542	2543;1.0E-4
2565	2566;1.0E-4
2570	2571;1.0E-4
2588	2589;1.0E-4
2593	2594;1.0E-4
2615	2616;1.0E-4
2620	2621;1.0E-4
2638	2639;1.0E-4
2643	2644;1.0E-4
265	266;1.0E-4
2666	2667;1.0E-4
2671	2672;1.0E-4
2689	2690;1.0E-4
2694	2695;1.0E-4
270	271;1.0E-4
2716	2717;1.0E-4
2721	2722;1.0E-4
2739	2740;1.0E-4
2744	2745;1.0E-4
2767	2768;1.0E-4
2772	2773;1.0E-4
2795	2796;1.0E-4
2817	2818;1.0E-4
2822	2823;1.0E-4
2845	2846;1.0E-4
2850	2851;1.0E-4
2868	2869;1.0E-4
2873	2874;1.0E-4
288	289;1.0E-4
2896	2897;1.0E-4
2900	0;1.0E-4
2918	2919;1.0E-4
2923	2924;1.0E-4
293	294;1.0E-4
2946	2947;1.0E-4
2951	2952;1.0E-4
2969	2970;1.0E-4
2974	2975;1.0E-4
2997	2998;1.0E-4
3009	3010;7.275095E-5
3014	3015;1.0E-4
3037	3038;1.0E-4
3042	3043;1.0E-4
3065	3066;1.0E-4
3070	3071;1.0E-4
3088	3089;1.0E-4
3093	3094;1.0E-4
3115	3116;1.0E-4
3120	3121;1.0E-4
3138	3139;1.0E-4
3143	3144;1.0E-4
315	316;1.0E-4
3166	3167;1.0E-4
3171	3172;1.0E-4
3189	3190;1.0E-4
3194	3195;1.0E-4
320	321;1.0E-4
3216	3217;1.0E-4
3221	3222;1.0E-4
3239	3240;1.0E-4
3244	3245;1.0E-4
3267	3268;1.0E-4
3272	3273;1.0E-4
3295	3296;1.0E-4
3317	3318;1.0E-4
3322	3323;1.0E-4
3345	3346;1.0E-4
3350	3351;1.0E-4
3368	3369;1.0E-4
3373	3374;1.0E-4
338	339;1.0E-4
3396	3397;1.0E-4
3400	0;1.0E-4
3418	3419;1.0E-4
3423	3424;1.0E-4
343	344;1.0E-4
3446	3447;1.0E-4
3451	3452;1.0E-4
3469	3470;1.0E-4
3474	3475;1.0E-4
3497	3498;1.0E-4
35	36;1.0E-4
3501	3502;0.0
3519	3520;1.0E-4
3524	3525;1.0E-4
3547	3548;1.0E-4
3552	3553;1.0E-4
3575	3576;1.0E-4
3580	3581;1.0E-4
3598	3599;1.0E-4
3602	3603;1.4999998E-5
3625	3626;1.0E-4
3630	3631;1.0E-4
3648	3649;1.0E-4
3653	3654;1.0E-4
366	367;1.0E-4
3676	3677;1.0E-4
3681	3682;1.0E-4
3699	3700;1.0E-4
3703	3704;2.7749997E-5
371	372;1.0E-4
3726	3727;1.0E-4
3731	3732;1.0E-4
3749	3750;1.0E-4
3754	3755;1.0E-4
3777	3778;1.0E-4
3782	3783;1.0E-4
3804	3805;3.8587496E-5
3827	3828;1.0E-4
3832	3833;1.0E-4
3855	3856;1.0E-4
3860	3861;1.0E-4
3878	3879;1.0E-4
3883	3884;1.0E-4
389	390;1.0E-4
3905	3906;4.779937E-5
3910	3911;7.68383E-5
3928	3929;1.0E-4
3933	3934;1.0E-4
394	395;1.0E-4
3956	3957;1.0E-4
3961	3962;1.0E-4
3979	3980;1.0E-4
3984	3985;1.0E-4
40	41;1.0E-4
4001	4002;0.0
4019	4020;1.0E-4
4024	4025;1.0E-4
4047	4048;1.0E-4
4052	4053;1.0E-4
4075	4076;1.0E-4
4080	4081;1.0E-4
4098	4099;1.0E-4
4102	4103;1.4999998E-5
4125	4126;1.0E-4
4130	4131;1.0E-4
4148	4149;1.0E-4
4153	4154;1.0E-4
416	417;1.0E-4
4176	4177;1.0E-4
4181	4182;1.0E-4
4199	4200;1.0E-4
4203	4204;2.7749997E-5
421	422;1.0E-4
4226	4227;1.0E-4
4231	4232;1.0E-4
4249	4250;1.0E-4
4254	4255;1.0E-4
4277	4278;1.0E-4
4282	4283;1.0E-4
4304	4305;3.8587496E-5
4327	4328;1.0E-4
4332	4333;1.0E-4
4355	4356;1.0E-4
4360	4361;1.0E-4
4378	4379;1.0E-4
4383	4384;1.0E-4
439	440;1.0E-4
4405	4406;4.779937E-5
4410	4411;7.68383E-5
4428	4429;1.0E-4
4433	4434;1.0E-4
444	445;1.0E-4
4456	4457;1.0E-4
4461	4462;1.0E-4
4479	4480;1.0E-4
4484	4485;1.0E-4
4506	4507;5.5629465E-5
4511	4512;1.0E-4
4529	4530;1.0E-4
4534	4535;1.0E-4
4557	4558;1.0E-4
4562	4563;1.0E-4
4585	4586;1.0E-4
4590	4591;1.0E-4
4607	4608;6.228505E-5
4612	4613;1.0E-4
4635	4636;1.0E-4
4640	4641;1.0E-4
4658	4659;1.0E-4
4663	4664;1.0E-4
467	468;1.0E-4
4686	4687;1.0E-4
4691	4692;1.0E-4
4708	4709;6.7942296E-5
4713	4714;1.0E-4
472	473;1.0E-4
4736	4737;1.0E-4
4741	4742;1.0E-4
4759	4760;1.0E-4
4764	4765;1.0E-4
4787	4788;1.0E-4
4792	4793;1.0E-4
4809	4810;7.275095E-5
4814	4815;1.0E-4
4837	4838;1.0E-4
4842	4843;1.0E-4
4865	4866;1.0E-4
4870	4871;1.0E-4
4888	4889;1.0E-4
4893	4894;1.0E-4
4915	4916;1.0E-4
4920	4921;1.0E-4
4938	4939;1.0E-4
4943	4944;1.0E-4
495	496;1.0E-4
4966	4967;1.0E-4
4971	4972;1.0E-4
4989	4990;1.0E-4
4994	4995;1.0E-4
5006	5007;5.5629465E-5
5011	5012;1.0E-4
5029	5030;1.0E-4
5034	5035;1.0E-4
5057	5058;1.0E-4
5062	5063;1.0E-4
5085	5086;1.0E-4
5090	5091;1.0E-4
5107	5108;6.228505E-5
5112	5113;1.0E-4
5135	5136;1.0E-4
5140	5141;1.0E-4
5158	5159;1.0E-4
5163	5164;1.0E-4
517	518;1.0E-4
5186	5187;1.0E-4
5191	5192;1.0E-4
5208	5209;6.7942296E-5
5213	5214;1.0E-4
522	523;1.0E-4
5236	5237;1.0E-4
5241	5242;1.0E-4
5259	5260;1.0E-4
5264	5265;1.0E-4
5287	5288;1.0E-4
5292	5293;1.0E-4
5309	5310;7.275095E-5
5314	5315;1.0E-4
5337	5338;1.0E-4
5342	5343;1.0E-4
5365	5366;1.0E-4
5370	5371;1.0E-4
5388	5389;1.0E-4
5393	5394;1.0E-4
5415	5416;1.0E-4
5420	5421;1.0E-4
5438	5439;1.0E-4
5443	5444;1.0E-4
545	546;1.0E-4
5466	5467;1.0E-4
5471	5472;1.0E-4
5489	5490;1.0E-4
5494	5495;1.0E-4
550	551;1.0E-4
5516	5517;1.0E-4
5521	5522;1.0E-4
5539	5540;1.0E-4
5544	5545;1.0E-4
5567	5568;1.0E-4
5572	5573;1.0E-4
5595	5596;1.0E-4
5617	5618;1.0E-4
5622	5623;1.0E-4
5645	5646;1.0E-4
5650	5651;1.0E-4
5668	5669;1.0E-4
5673	5674;1.0E-4
568	569;1.0E-4
5696	5697;1.0E-4
5700	0;1.0E-4
5718	5719;1.0E-4
5723	5724;1.0E-4
573	574;1.0E-4
5746	5747;1.0E-4
5751	5752;1.0E-4
5769	5770;1.0E-4
5774	5775;1.0E-4
5797	5798;1.0E-4
58	59;1.0E-4
5801	5802;0.0
5819	5820;1.0E-4
5824	5825;1.0E-4
5847	5848;1.0E-4
5852	5853;1.0E-4
5875	5876;1.0E-4
5880	5881;1.0E-4
5898	5899;1.0E-4
5902	5903;1.4999998E-5
5925	5926;1.0E-4
5930	5931;1.0E-4
5948	5949;1.0E-4
5953	5954;1.0E-4
596	597;1.0E-4
5976	5977;1.0E-4
5981	5982;1.0E-4
5999	6000;1.0E-4
600	0;1.0E-4
6016	6017;1.0E-4
6021	6022;1.0E-4
6039	6040;1.0E-4
6044	6045;1.0E-4
6067	6068;1.0E-4
6072	6073;1.0E-4
6095	6096;1.0E-4
6117	6118;1.0E-4
6122	6123;1.0E-4
6145	6146;1.0E-4
6150	6151;1.0E-4
6168	6169;1.0E-4
6173	6174;1.0E-4
618	619;1.0E-4
6196	6197;1.0E-4
6200	0;1.0E-4
6218	6219;1.0E-4
6223	6224;1.0E-4
623	624;1.0E-4
6246	6247;1.0E-4
6251	6252;1.0E-4
6269	6270;1.0E-4
6274	6275;1.0E-4
6297	6298;1.0E-4
63	64;1.0E-4
6301	6302;0.0
6319	6320;1.0E-4
6324	6325;1.0E-4
6347	6348;1.0E-4
6352	6353;1.0E-4
6375	6376;1.0E-4
6380	6381;1.0E-4
6398	6399;1.0E-4
6402	6403;1.4999998E-5
6425	6426;1.0E-4
6430	6431;1.0E-4
6448	6449;1.0E-4
6453	6454;1.0E-4
646	647;1.0E-4
6476	6477;1.0E-4
6481	6482;1.0E-4
6499	6500;1.0E-4
6503	6504;2.7749997E-5
651	652;1.0E-4
6526	6527;1.0E-4
6531	6532;1.0E-4
6549	6550;1.0E-4
6554	6555;1.0E-4
6577	6578;1.0E-4
6582	6583;1.0E-4
6604	6605;3.8587496E-5
6627	6628;1.0E-4
6632	6633;1.0E-4
6655	6656;1.0E-4
6660	6661;1.0E-4
6678	6679;1.0E-4
6683	6684;1.0E-4
669	670;1.0E-4
6705	6706;4.779937E-5
6710	6711;7.68383E-5
6728	6729;1.0E-4
6733	6734;1.0E-4
674	675;1.0E-4
6756	6757;1.0E-4
6761	6762;1.0E-4
6779	6780;1.0E-4
6784	6785;1.0E-4
6806	6807;5.5629465E-5
6811	6812;1.0E-4
6829	6830;1.0E-4
6834	6835;1.0E-4
6857	6858;1.0E-4
6862	6863;1.0E-4
6885	6886;1.0E-4
6890	6891;1.0E-4
6907	6908;6.228505E-5
6912	6913;1.0E-4
6935	6936;1.0E-4
6940	6941;1.0E-4
6958	6959;1.0E-4
6963	6964;1.0E-4
697	698;1.0E-4
6986	6987;1.0E-4
6991	6992;1.0E-4
7	8;6.228505E-5
7003	7004;2.7749997E-5
701	702;0.0
7026	7027;1.0E-4
7031	7032;1.0E-4
7049	7050;1.0E-4
7054	7055;1.0E-4
7077	7078;1.0E-4
7082	7083;1.0E-4
7104	7105;3.8587496E-5
7127	7128;1.0E-4
7132	7133;1.0E-4
7155	7156;1.0E-4
7160	7161;1.0E-4
7178	7179;1.0E-4
7183	7184;1.0E-4
719	720;1.0E-4
7205	7206;4.779937E-5
7210	7211;7.68383E-5
7228	7229;1.0E-4
7233	7234;1.0E-4
724	725;1.0E-4
7256	7257;1.0E-4
7261	7262;1.0E-4
7279	7280;1.0E-4
7284	7285;1.0E-4
7306	7307;5.5629465E-5
7311	7312;1.0E-4
7329	7330;1.0E-4
7334	7335;1.0E-4
7357	7358;1.0E-4
7362	7363;1.0E-4
7385	7386;1.0E-4
7390	7391;1.0E-4
7407	7408;6.228505E-5
7412	7413;1.0E-4
7435	7436;1.0E-4
7440	7441;1.0E-4
7458	7459;1.0E-4
7463	7464;1.0E-4
747	748;1.0E-4
7486	7487;1.0E-4
7491	7492;1.0E-4
7508	7509;6.7942296E-5
7513	7514;1.0E-4
752	753;1.0E-4
7536	7537;1.0E-4
7541	7542;1.0E-4
7559	7560;1.0E-4
7564	7565;1.0E-4
7587	7588;1.0E-4
7592	7593;1.0E-4
7609	7610;7.275095E-5
7614	7615;1.0E-4
7637	7638;1.0E-4
7642	7643;1.0E-4
7665	7666;1.0E-4
7670	7671;1.0E-4
7688	7689;1.0E-4
7693	7694;1.0E-4
7715	7716;1.0E-4
7720	7721;1.0E-4
7738	7739;1.0E-4
7743	7744;1.0E-4
775	776;1.0E-4
7766	7767;1.0E-4
7771	7772;1.0E-4
7789	7790;1.0E-4
7794	7795;1.0E-4
780	781;1.0E-4
7816	7817;1.0E-4
7821	7822;1.0E-4
7839	7840;1.0E-4
7844	7845;1.0E-4
7867	7868;1.0E-4
7872	7873;1.0E-4
7895	7896;1.0E-4
7917	7918;1.0E-4
7922	7923;1.0E-4
7945	7946;1.0E-4
7950	7951;1.0E-4
7968	7969;1.0E-4
7973	7974;1.0E-4
798	799;1.0E-4
7996	7997;1.0E-4
8008	8009;6.7942296E-5
8013	8014;1.0E-4
802	803;1.4999998E-5
8036	8037;1.0E-4
8041	8042;1.0E-4
8059	8060;1.0E-4
8064	8065;1.0E-4
8087	8088;1.0E-4
8092	8093;1.0E-4
8109	8110;7.275095E-5
8114	8115;1.0E-4
8137	8138;1.0E-4
8142	8143;1.0E-4
8165	8166;1.0E-4
8170	8171;1.0E-4
8188	8189;1.0E-4
8193	8194;1.0E-4
8215	8216;1.0E-4
8220	8221;1.0E-4
8238	8239;1.0E-4
8243	8244;1.0E-4
825	826;1.0E-4
8266	8267;1.0E-4
8271	8272;1.0E-4
8289	8290;1.0E-4
8294	8295;1.0E-4
830	831;1.0E-4
8316	8317;1.0E-4
8321	8322;1.0E-4
8339	8340;1.0E-4
8344	8345;1.0E-4
8367	8368;1.0E-4
8372	8373;1.0E-4
8395	8396;1.0E-4
8417	8418;1.0E-4
8422	8423;1.0E-4
8445	8446;1.0E-4
8450	8451;1.0E-4
8468	8469;1.0E-4
8473	8474;1.0E-4
848	849;1.0E-4
8496	8497;1.0E-4
8500	0;1.0E-4
8518	8519;1.0E-4
8523	8524;1.0E-4
853	854;1.0E-4
8546	8547;1.0E-4
8551	8552;1.0E-4
8569	8570;1.0E-4
8574	8575;1.0E-4
8597	8598;1.0E-4
86	87;1.0E-4
8601	8602;0.0
8619	8620;1.0E-4
8624	8625;1.0E-4
8647	8648;1.0E-4
8652	8653;1.0E-4
8675	8676;1.0E-4
8680	8681;1.0E-4
8698	8699;1.0E-4
8702	8703;1.4999998E-5
8725	8726;1.0E-4
8730	8731;1.0E-4
8748	8749;1.0E-4
8753	8754;1.0E-4
876	877;1.0E-4
8776	8777;1.0E-4
8781	8782;1.0E-4
8799	8800;1.0E-4
8803	8804;2.7749997E-5
881	882;1.0E-4
8826	8827;1.0E-4
8831	8832;1.0E-4
8849	8850;1.0E-4
8854	8855;1.0E-4
8877	8878;1.0E-4
8882	8883;1.0E-4
8904	8905;3.8587496E-5
8927	8928;1.0E-4
8932	8933;1.0E-4
8955	8956;1.0E-4
8960	8961;1.0E-4
8978	8979;1.0E-4
8983	8984;1.0E-4
899	900;1.0E-4
9000	0;1.0E-4
9018	9019;1.0E-4
9023	9024;1.0E-4
903	904;2.7749997E-5
9046	9047;1.0E-4
9051	9052;1.0E-4
9069	9070;1.0E-4
9074	9075;1.0E-4
9097	9098;1.0E-4
91	92;1.0E-4
9101	9102;0.0
9119	9120;1.0E-4
9124	9125;1.0E-4
9147	9148;1.0E-4
9152	9153;1.0E-4
9175	9176;1.0E-4
9180	9181;1.0E-4
9198	9199;1.0E-4
9202	9203;1.4999998E-5
9225	9226;1.0E-4
9230	9231;1.0E-4
9248	9249;1.0E-4
9253	9254;1.0E-4
926	927;1.0E-4
9276	9277;1.0E-4
9281	9282;1.0E-4
9299	9300;1.0E-4
9303	9304;2.7749997E-5
931	932;1.0E-4
9326	9327;1.0E-4
9331	9332;1.0E-4
9349	9350;1.0E-4
9354	9355;1.0E-4
9377	9378;1.0E-4
9382	9383;1.0E-4
9404	9405;3.8587496E-5
9427	9428;1.0E-4
9432	9433;1.0E-4
9455	9456;1.0E-4
9460	9461;1.0E-4
9478	9479;1.0E-4
9483	9484;1.0E-4
949	950;1.0E-4
9505	9506;4.779937E-5
9510	9511;7.68383E-5
9528	9529;1.0E-4
9533	9534;1.0E-4
954	955;1.0E-4
9556	9557;1.0E-4
9561	9562;1.0E-4
9579	9580;1.0E-4
9584	9585;1.0E-4
9606	9607;5.5629465E-5
9611	9612;1.0E-4
9629	9630;1.0E-4
9634	9635;1.0E-4
9657	9658;1.0E-4
9662	9663;1.0E-4
9685	9686;1.0E-4
9690	9691;1.0E-4
9707	9708;6.228505E-5
9712	9713;1.0E-4
9735	9736;1.0E-4
9740	9741;1.0E-4
9758	9759;1.0E-4
9763	9764;1.0E-4
977	978;1.0E-4
9786	9787;1.0E-4
9791	9792;1.0E-4
9808	9809;6.7942296E-5
9813	9814;1.0E-4
982	983;1.0E-4
9836	9837;1.0E-4
9841	9842;1.0E-4
9859	9860;1.0E-4
9864	9865;1.0E-4
9887	9888;1.0E-4
9892	9893;1.0E-4
9909	9910;7.275095E-5
9914	9915;1.0E-4
9937	9938;1.0E-4
9942	9943;1.0E-4
9965	9966;1.0E-4
9970	9971;1.0E-4
9988	9989;1.0E-4
9993	9994;1.0E-4
