1005	1006;4.779937E-5
101	102;0.0
1010	1011;7.68383E-5
1028	1029;1.0E-4
1033	1034;1.0E-4
1056	1057;1.0E-4
1061	1062;1.0E-4
1079	1080;1.0E-4
1084	1085;1.0E-4
1106	1107;5.5629465E-5
1111	1112;1.0E-4
1129	1130;1.0E-4
1134	1135;1.0E-4
1157	1158;1.0E-4
1162	1163;1.0E-4
1185	1186;1.0E-4
119	120;1.0E-4
1190	1191;1.0E-4
1207	1208;6.228505E-5
1212	1213;1.0E-4
1235	1236;1.0E-4
124	125;1.0E-4
1240	1241;1.0E-4
1258	1259;1.0E-4
1263	1264;1.0E-4
1286	1287;1.0E-4
1291	1292;1.0E-4
1308	1309;6.7942296E-5
1313	1314;1.0E-4
1336	1337;1.0E-4
1341	1342;1.0E-4
1359	1360;1.0E-4
1364	1365;1.0E-4
1387	1388;1.0E-4
1392	1393;1.0E-4
1409	1410;7.275095E-5
1414	1415;1.0E-4
1437	1438;1.0E-4
1442	1443;1.0E-4
1465	1466;1.0E-4
147	148;1.0E-4
1470	1471;1.0E-4
1488	1489;1.0E-4
1493	1494;1.0E-4
1515	1516;1.0E-4
152	153;1.0E-4
1520	1521;1.0E-4
1538	1539;1.0E-4
1543	1544;1.0E-4
1566	1567;1.0E-4
1571	1572;1.0E-4
1589	1590;1.0E-4
1594	1595;1.0E-4
1616	1617;1.0E-4
1621	1622;1.0E-4
1639	1640;1.0E-4
1644	1645;1.0E-4
1667	1668;1.0E-4
1672	1673;1.0E-4
1695	1696;1.0E-4
1717	1718;1.0E-4
1722	1723;1.0E-4
1745	1746;1.0E-4
175	176;1.0E-4
1750	1751;1.0E-4
1768	1769;1.0E-4
1773	1774;1.0E-4
1796	1797;1.0E-4
18	19;1.0E-4
180	181;1.0E-4
1800	0;1.0E-4
1818	1819;1.0E-4
1823	1824;1.0E-4
1846	1847;1.0E-4
1851	1852;1.0E-4
1869	1870;1.0E-4
1874	1875;1.0E-4
1897	1898;1.0E-4
1901	1902;0.0
1919	1920;1.0E-4
1924	1925;1.0E-4
1947	1948;1.0E-4
1952	1953;1.0E-4
1975	1976;1.0E-4
198	199;1.0E-4
1980	1981;1.0E-4
1998	1999;1.0E-4
2015	2016;1.0E-4
202	203;1.4999998E-5
2020	2021;1.0E-4
2038	2039;1.0E-4
2043	2044;1.0E-4
2066	2067;1.0E-4
2071	2072;1.0E-4
2089	2090;1.0E-4
2094	2095;1.0E-4
2116	2117;1.0E-4
2121	2122;1.0E-4
2139	2140;1.0E-4
2144	2145;1.0E-4
2167	2168;1.0E-4
2172	2173;1.0E-4
2195	2196;1.0E-4
2217	2218;1.0E-4
2222	2223;1.0E-4
2245	2246;1.0E-4
225	226;1.0E-4
2250	2251;1.0E-4
2268	2269;1.0E-4
2273	2274;1.0E-4
2296	2297;1.0E-4
23	24;1.0E-4
230	231;1.0E-4
2300	0;1.0E-4
2318	2319;1.0E-4
2323	2324;1.0E-4
2346	2347;1.0E-4
2351	2352;1.0E-4
2369	2370;1.0E-4
2374	2375;1.0E-4
2397	2398;1.0E-4
2401	2402;0.0
2419	2420;1.0E-4
2424	2425;1.0E-4
2447	2448;1.0E-4
2452	2453;1.0E-4
2475	2476;1.0E-4
248	249;1.0E-4
2480	2481;1.0E-4
2498	2499;1.0E-4
2502	2503;1.4999998E-5
2525	2526;1.0E-4
253	254;1.0E-4
2530	2531;1.0E-4
2548	2549;1.0E-4
2553	2554;1.0E-4
2576	2577;1.0E-4
2581	2582;1.0E-4
2599	2600;1.0E-4
2603	2604;2.7749997E-5
2626	2627;1.0E-4
2631	2632;1.0E-4
2649	2650;1.0E-4
2654	2655;1.0E-4
2677	2678;1.0E-4
2682	2683;1.0E-4
2704	2705;3.8587496E-5
2727	2728;1.0E-4
2732	2733;1.0E-4
2755	2756;1.0E-4
276	277;1.0E-4
2760	2761;1.0E-4
2778	2779;1.0E-4
2783	2784;1.0E-4
2805	2806;4.779937E-5
281	282;1.0E-4
2810	2811;7.68383E-5
2828	2829;1.0E-4
2833	2834;1.0E-4
2856	2857;1.0E-4
2861	2862;1.0E-4
2879	2880;1.0E-4
2884	2885;1.0E-4
2906	2907;5.5629465E-5
2911	2912;1.0E-4
2929	2930;1.0E-4
2934	2935;1.0E-4
2957	2958;1.0E-4
2962	2963;1.0E-4
2985	2986;1.0E-4
299	300;1.0E-4
2990	2991;1.0E-4
3002	3003;1.4999998E-5
3025	3026;1.0E-4
303	304;2.7749997E-5
3030	3031;1.0E-4
3048	3049;1.0E-4
3053	3054;1.0E-4
3076	3077;1.0E-4
3081	3082;1.0E-4
3099	3100;1.0E-4
3103	3104;2.7749997E-5
3126	3127;1.0E-4
3131	3132;1.0E-4
3149	3150;1.0E-4
3154	3155;1.0E-4
3177	3178;1.0E-4
3182	3183;1.0E-4
3204	3205;3.8587496E-5
3227	3228;1.0E-4
3232	3233;1.0E-4
3255	3256;1.0E-4
326	327;1.0E-4
3260	3261;1.0E-4
3278	3279;1.0E-4
3283	3284;1.0E-4
3305	3306;4.779937E-5
331	332;1.0E-4
3310	3311;7.68383E-5
3328	3329;1.0E-4
3333	3334;1.0E-4
3356	3357;1.0E-4
3361	3362;1.0E-4
3379	3380;1.0E-4
3384	3385;1.0E-4
3406	3407;5.5629465E-5
3411	3412;1.0E-4
3429	3430;1.0E-4
3434	3435;1.0E-4
3457	3458;1.0E-4
3462	3463;1.0E-4
3485	3486;1.0E-4
349	350;1.0E-4
3490	3491;1.0E-4
3507	3508;6.228505E-5
3512	3513;1.0E-4
3535	3536;1.0E-4
354	355;1.0E-4
3540	3541;1.0E-4
3558	3559;1.0E-4
3563	3564;1.0E-4
3586	3587;1.0E-4
3591	3592;1.0E-4
3608	3609;6.7942296E-5
3613	3614;1.0E-4
3636	3637;1.0E-4
3641	3642;1.0E-4
3659	3660;1.0E-4
3664	3665;1.0E-4
3687	3688;1.0E-4
3692	3693;1.0E-4
3709	3710;7.275095E-5
3714	3715;1.0E-4
3737	3738;1.0E-4
3742	3743;1.0E-4
3765	3766;1.0E-4
377	378;1.0E-4
3770	3771;1.0E-4
3788	3789;1.0E-4
3793	3794;1.0E-4
3815	3816;1.0E-4
382	383;1.0E-4
3820	3821;1.0E-4
3838	3839;1.0E-4
3843	3844;1.0E-4
3866	3867;1.0E-4
3871	3872;1.0E-4
3889	3890;1.0E-4
3894	3895;1.0E-4
3916	3917;1.0E-4
3921	3922;1.0E-4
3939	3940;1.0E-4
3944	3945;1.0E-4
3967	3968;1.0E-4
3972	3973;1.0E-4
3995	3996;1.0E-4
4007	4008;6.228505E-5
4012	4013;1.0E-4
4035	4036;1.0E-4
404	405;3.8587496E-5
4040	4041;1.0E-4
4058	4059;1.0E-4
4063	4064;1.0E-4
4086	4087;1.0E-4
4091	4092;1.0E-4
4108	4109;6.7942296E-5
4113	4114;1.0E-4
4136	4137;1.0E-4
4141	4142;1.0E-4
4159	4160;1.0E-4
4164	4165;1.0E-4
4187	4188;1.0E-4
4192	4193;1.0E-4
4209	4210;7.275095E-5
4214	4215;1.0E-4
4237	4238;1.0E-4
4242	4243;1.0E-4
4265	4266;1.0E-4
427	428;1.0E-4
4270	4271;1.0E-4
4288	4289;1.0E-4
4293	4294;1.0E-4
4315	4316;1.0E-4
432	433;1.0E-4
4320	4321;1.0E-4
4338	4339;1.0E-4
4343	4344;1.0E-4
4366	4367;1.0E-4
4371	4372;1.0E-4
4389	4390;1.0E-4
4394	4395;1.0E-4
4416	4417;1.0E-4
4421	4422;1.0E-4
4439	4440;1.0E-4
4444	4445;1.0E-4
4467	4468;1.0E-4
4472	4473;1.0E-4
4495	4496;1.0E-4
4517	4518;1.0E-4
4522	4523;1.0E-4
4545	4546;1.0E-4
455	456;1.0E-4
4550	4551;1.0E-4
4568	4569;1.0E-4
4573	4574;1.0E-4
4596	4597;1.0E-4
46	47;1.0E-4
460	461;1.0E-4
4600	0;1.0E-4
4618	4619;1.0E-4
4623	4624;1.0E-4
4646	4647;1.0E-4
4651	4652;1.0E-4
4669	4670;1.0E-4
4674	4675;1.0E-4
4697	4698;1.0E-4
4701	4702;0.0
4719	4720;1.0E-4
4724	4725;1.0E-4
4747	4748;1.0E-4
4752	4753;1.0E-4
4775	4776;1.0E-4
478	479;1.0E-4
4780	4781;1.0E-4
4798	4799;1.0E-4
4802	4803;1.4999998E-5
4825	4826;1.0E-4
483	484;1.0E-4
4830	4831;1.0E-4
4848	4849;1.0E-4
4853	4854;1.0E-4
4876	4877;1.0E-4
4881	4882;1.0E-4
4899	4900;1.0E-4
4903	4904;2.7749997E-5
4926	4927;1.0E-4
4931	4932;1.0E-4
4949	4950;1.0E-4
4954	4955;1.0E-4
4977	4978;1.0E-4
4982	4983;1.0E-4
5017	5018;1.0E-4
5022	5023;1.0E-4
5045	5046;1.0E-4
505	506;4.779937E-5
5050	5051;1.0E-4
5068	5069;1.0E-4
5073	5074;1.0E-4
5096	5097;1.0E-4
51	52;1.0E-4
510	511;7.68383E-5
5100	0;1.0E-4
5118	5119;1.0E-4
5123	5124;1.0E-4
5146	5147;1.0E-4
5151	5152;1.0E-4
5169	5170;1.0E-4
5174	5175;1.0E-4
5197	5198;1.0E-4
5201	5202;0.0
5219	5220;1.0E-4
5224	5225;1.0E-4
5247	5248;1.0E-4
5252	5253;1.0E-4
5275	5276;1.0E-4
528	529;1.0E-4
5280	5281;1.0E-4
5298	5299;1.0E-4
5302	5303;1.4999998E-5
5325	5326;1.0E-4
533	534;1.0E-4
5330	5331;1.0E-4
5348	5349;1.0E-4
5353	5354;1.0E-4
5376	5377;1.0E-4
5381	5382;1.0E-4
5399	5400;1.0E-4
5403	5404;2.7749997E-5
5426	5427;1.0E-4
5431	5432;1.0E-4
5449	5450;1.0E-4
5454	5455;1.0E-4
5477	5478;1.0E-4
5482	5483;1.0E-4
5504	5505;3.8587496E-5
5527	5528;1.0E-4
5532	5533;1.0E-4
5555	5556;1.0E-4
556	557;1.0E-4
5560	5561;1.0E-4
5578	5579;1.0E-4
5583	5584;1.0E-4
5605	5606;4.779937E-5
561	562;1.0E-4
5610	5611;7.68383E-5
5628	5629;1.0E-4
5633	5634;1.0E-4
5656	5657;1.0E-4
5661	5662;1.0E-4
5679	5680;1.0E-4
5684	5685;1.0E-4
5706	5707;5.5629465E-5
5711	5712;1.0E-4
5729	5730;1.0E-4
5734	5735;1.0E-4
5757	5758;1.0E-4
5762	5763;1.0E-4
5785	5786;1.0E-4
579	580;1.0E-4
5790	5791;1.0E-4
5807	5808;6.228505E-5
5812	5813;1.0E-4
5835	5836;1.0E-4
584	585;1.0E-4
5840	5841;1.0E-4
5858	5859;1.0E-4
5863	5864;1.0E-4
5886	5887;1.0E-4
5891	5892;1.0E-4
5908	5909;6.7942296E-5
5913	5914;1.0E-4
5936	5937;1.0E-4
5941	5942;1.0E-4
5959	5960;1.0E-4
5964	5965;1.0E-4
5987	5988;1.0E-4
5992	5993;1.0E-4
6004	6005;3.8587496E-5
6027	6028;1.0E-4
6032	6033;1.0E-4
6055	6056;1.0E-4
606	607;5.5629465E-5
6060	6061;1.0E-4
6078	6079;1.0E-4
6083	6084;1.0E-4
6105	6106;4.779937E-5
611	612;1.0E-4
6110	6111;7.68383E-5
6128	6129;1.0E-4
6133	6134;1.0E-4
6156	6157;1.0E-4
6161	6162;1.0E-4
6179	6180;1.0E-4
6184	6185;1.0E-4
6206	6207;5.5629465E-5
6211	6212;1.0E-4
6229	6230;1.0E-4
6234	6235;1.0E-4
6257	6258;1.0E-4
6262	6263;1.0E-4
6285	6286;1.0E-4
629	630;1.0E-4
6290	6291;1.0E-4
6307	6308;6.228505E-5
6312	6313;1.0E-4
6335	6336;1.0E-4
634	635;1.0E-4
6340	6341;1.0E-4
6358	6359;1.0E-4
6363	6364;1.0E-4
6386	6387;1.0E-4
6391	6392;1.0E-4
6408	6409;6.7942296E-5
6413	6414;1.0E-4
6436	6437;1.0E-4
6441	6442;1.0E-4
6459	6460;1.0E-4
6464	6465;1.0E-4
6487	6488;1.0E-4
6492	6493;1.0E-4
6509	6510;7.275095E-5
6514	6515;1.0E-4
6537	6538;1.0E-4
6542	6543;1.0E-4
6565	6566;1.0E-4
657	658;1.0E-4
6570	6571;1.0E-4
6588	6589;1.0E-4
6593	6594;1.0E-4
6615	6616;1.0E-4
662	663;1.0E-4
6620	6621;1.0E-4
6638	6639;1.0E-4
6643	6644;1.0E-4
6666	6667;1.0E-4
6671	6672;1.0E-4
6689	6690;1.0E-4
6694	6695;1.0E-4
6716	6717;1.0E-4
6721	6722;1.0E-4
6739	6740;1.0E-4
6744	6745;1.0E-4
6767	6768;1.0E-4
6772	6773;1.0E-4
6795	6796;1.0E-4
6817	6818;1.0E-4
6822	6823;1.0E-4
6845	6846;1.0E-4
685	686;1.0E-4
6850	6851;1.0E-4
6868	6869;1.0E-4
6873	6874;1.0E-4
6896	6897;1.0E-4
69	70;1.0E-4
690	691;1.0E-4
6900	0;1.0E-4
6918	6919;1.0E-4
6923	6924;1.0E-4
6946	6947;1.0E-4
6951	6952;1.0E-4
6969	6970;1.0E-4
6974	6975;1.0E-4
6997	6998;1.0E-4
7009	7010;7.275095E-5
7014	7015;1.0E-4
7037	7038;1.0E-4
7042	7043;1.0E-4
7065	7066;1.0E-4
707	708;6.228505E-5
7070	7071;1.0E-4
7088	7089;1.0E-4
7093	7094;1.0E-4
7115	7116;1.0E-4
712	713;1.0E-4
7120	7121;1.0E-4
7138	7139;1.0E-4
7143	7144;1.0E-4
7166	7167;1.0E-4
7171	7172;1.0E-4
7189	7190;1.0E-4
7194	7195;1.0E-4
7216	7217;1.0E-4
7221	7222;1.0E-4
7239	7240;1.0E-4
7244	7245;1.0E-4
7267	7268;1.0E-4
7272	7273;1.0E-4
7295	7296;1.0E-4
7317	7318;1.0E-4
7322	7323;1.0E-4
7345	7346;1.0E-4
735	736;1.0E-4
7350	7351;1.0E-4
7368	7369;1.0E-4
7373	7374;1.0E-4
7396	7397;1.0E-4
74	75;1.0E-4
740	741;1.0E-4
7400	0;1.0E-4
7418	7419;1.0E-4
7423	7424;1.0E-4
7446	7447;1.0E-4
7451	7452;1.0E-4
7469	7470;1.0E-4
7474	7475;1.0E-4
7497	7498;1.0E-4
7501	7502;0.0
7519	7520;1.0E-4
7524	7525;1.0E-4
7547	7548;1.0E-4
7552	7553;1.0E-4
7575	7576;1.0E-4
758	759;1.0E-4
7580	7581;1.0E-4
7598	7599;1.0E-4
7602	7603;1.4999998E-5
7625	7626;1.0E-4
763	764;1.0E-4
7630	7631;1.0E-4
7648	7649;1.0E-4
7653	7654;1.0E-4
7676	7677;1.0E-4
7681	7682;1.0E-4
7699	7700;1.0E-4
7703	7704;2.7749997E-5
7726	7727;1.0E-4
7731	7732;1.0E-4
7749	7750;1.0E-4
7754	7755;1.0E-4
7777	7778;1.0E-4
7782	7783;1.0E-4
7804	7805;3.8587496E-5
7827	7828;1.0E-4
7832	7833;1.0E-4
7855	7856;1.0E-4
786	787;1.0E-4
7860	7861;1.0E-4
7878	7879;1.0E-4
7883	7884;1.0E-4
7905	7906;4.779937E-5
791	792;1.0E-4
7910	7911;7.68383E-5
7928	7929;1.0E-4
7933	7934;1.0E-4
7956	7957;1.0E-4
7961	7962;1.0E-4
7979	7980;1.0E-4
7984	7985;1.0E-4
8001	8002;0.0
8019	8020;1.0E-4
8024	8025;1.0E-4
8047	8048;1.0E-4
8052	8053;1.0E-4
8075	8076;1.0E-4
808	809;6.7942296E-5
8080	8081;1.0E-4
8098	8099;1.0E-4
8102	8103;1.4999998E-5
8125	8126;1.0E-4
813	814;1.0E-4
8130	8131;1.0E-4
8148	8149;1.0E-4
8153	8154;1.0E-4
8176	8177;1.0E-4
8181	8182;1.0E-4
8199	8200;1.0E-4
8203	8204;2.7749997E-5
8226	8227;1.0E-4
8231	8232;1.0E-4
8249	8250;1.0E-4
8254	8255;1.0E-4
8277	8278;1.0E-4
8282	8283;1.0E-4
8304	8305;3.8587496E-5
8327	8328;1.0E-4
8332	8333;1.0E-4
8355	8356;1.0E-4
836	837;1.0E-4
8360	8361;1.0E-4
8378	8379;1.0E-4
8383	8384;1.0E-4
8405	8406;4.779937E-5
841	842;1.0E-4
8410	8411;7.68383E-5
8428	8429;1.0E-4
8433	8434;1.0E-4
8456	8457;1.0E-4
8461	8462;1.0E-4
8479	8480;1.0E-4
8484	8485;1.0E-4
8506	8507;5.5629465E-5
8511	8512;1.0E-4
8529	8530;1.0E-4
8534	8535;1.0E-4
8557	8558;1.0E-4
8562	8563;1.0E-4
8585	8586;1.0E-4
859	860;1.0E-4
8590	8591;1.0E-4
8607	8608;6.228505E-5
8612	8613;1.0E-4
8635	8636;1.0E-4
864	865;1.0E-4
8640	8641;1.0E-4
8658	8659;1.0E-4
8663	8664;1.0E-4
8686	8687;1.0E-4
8691	8692;1.0E-4
8708	8709;6.7942296E-5
8713	8714;1.0E-4
8736	8737;1.0E-4
8741	8742;1.0E-4
8759	8760;1.0E-4
8764	8765;1.0E-4
8787	8788;1.0E-4
8792	8793;1.0E-4
8809	8810;7.275095E-5
8814	8815;1.0E-4
8837	8838;1.0E-4
8842	8843;1.0E-4
8865	8866;1.0E-4
887	888;1.0E-4
8870	8871;1.0E-4
8888	8889;1.0E-4
8893	8894;1.0E-4
8915	8916;1.0E-4
892	893;1.0E-4
8920	8921;1.0E-4
8938	8939;1.0E-4
8943	8944;1.0E-4
8966	8967;1.0E-4
8971	8972;1.0E-4
8989	8990;1.0E-4
8994	8995;1.0E-4
9006	9007;5.5629465E-5
9011	9012;1.0E-4
9029	9030;1.0E-4
9034	9035;1.0E-4
9057	9058;1.0E-4
9062	9063;1.0E-4
9085	9086;1.0E-4
909	910;7.275095E-5
9090	9091;1.0E-4
9107	9108;6.228505E-5
9112	9113;1.0E-4
9135	9136;1.0E-4
914	915;1.0E-4
9140	9141;1.0E-4
9158	9159;1.0E-4
9163	9164;1.0E-4
9186	9187;1.0E-4
9191	9192;1.0E-4
9208	9209;6.7942296E-5
9213	9214;1.0E-4
9236	9237;1.0E-4
9241	9242;1.0E-4
9259	9260;1.0E-4
9264	9265;1.0E-4
9287	9288;1.0E-4
9292	9293;1.0E-4
9309	9310;7.275095E-5
9314	9315;1.0E-4
9337	9338;1.0E-4
9342	9343;1.0E-4
9365	9366;1.0E-4
937	938;1.0E-4
9370	9371;1.0E-4
9388	9389;1.0E-4
9393	9394;1.0E-4
9415	9416;1.0E-4
942	943;1.0E-4
9420	9421;1.0E-4
9438	9439;1.0E-4
9443	9444;1.0E-4
9466	9467;1.0E-4
9471	9472;1.0E-4
9489	9490;1.0E-4
9494	9495;1.0E-4
9516	9517;1.0E-4
9521	9522;1.0E-4
9539	9540;1.0E-4
9544	9545;1.0E-4
9567	9568;1.0E-4
9572	9573;1.0E-4
9595	9596;1.0E-4
9617	9618;1.0E-4
9622	9623;1.0E-4
9645	9646;1.0E-4
965	966;1.0E-4
9650	9651;1.0E-4
9668	9669;1.0E-4
9673	9674;1.0E-4
9696	9697;1.0E-4
97	98;1.0E-4
970	971;1.0E-4
9700	0;1.0E-4
9718	9719;1.0E-4
9723	9724;1.0E-4
9746	9747;1.0E-4
9751	9752;1.0E-4
9769	9770;1.0E-4
9774	9775;1.0E-4
9797	9798;1.0E-4
9801	9802;0.0
9819	9820;1.0E-4
9824	9825;1.0E-4
9847	9848;1.0E-4
9852	9853;1.0E-4
9875	9876;1.0E-4
988	989;1.0E-4
9880	9881;1.0E-4
9898	9899;1.0E-4
9902	9903;1.4999998E-5
9925	9926;1.0E-4
993	994;1.0E-4
9930	9931;1.0E-4
9948	9949;1.0E-4
9953	9954;1.0E-4
9976	9977;1.0E-4
9981	9982;1.0E-4
9999	10000;1.0E-4
