1003	1004;2.7749997E-5
1026	1027;1.0E-4
1031	1032;1.0E-4
1049	1050;1.0E-4
1054	1055;1.0E-4
1077	1078;1.0E-4
1082	1083;1.0E-4
1104	1105;3.8587496E-5
1127	1128;1.0E-4
1132	1133;1.0E-4
1155	1156;1.0E-4
1160	1161;1.0E-4
117	118;1.0E-4
1178	1179;1.0E-4
1183	1184;1.0E-4
1205	1206;4.779937E-5
1210	1211;7.68383E-5
122	123;1.0E-4
1228	1229;1.0E-4
1233	1234;1.0E-4
1256	1257;1.0E-4
1261	1262;1.0E-4
1279	1280;1.0E-4
1284	1285;1.0E-4
1306	1307;5.5629465E-5
1311	1312;1.0E-4
1329	1330;1.0E-4
1334	1335;1.0E-4
1357	1358;1.0E-4
1362	1363;1.0E-4
1385	1386;1.0E-4
1390	1391;1.0E-4
1407	1408;6.228505E-5
1412	1413;1.0E-4
1435	1436;1.0E-4
1440	1441;1.0E-4
145	146;1.0E-4
1458	1459;1.0E-4
1463	1464;1.0E-4
1486	1487;1.0E-4
1491	1492;1.0E-4
150	151;1.0E-4
1508	1509;6.7942296E-5
1513	1514;1.0E-4
1536	1537;1.0E-4
1541	1542;1.0E-4
1559	1560;1.0E-4
1564	1565;1.0E-4
1587	1588;1.0E-4
1592	1593;1.0E-4
16	17;1.0E-4
1609	1610;7.275095E-5
1614	1615;1.0E-4
1637	1638;1.0E-4
1642	1643;1.0E-4
1665	1666;1.0E-4
1670	1671;1.0E-4
168	169;1.0E-4
1688	1689;1.0E-4
1693	1694;1.0E-4
1715	1716;1.0E-4
1720	1721;1.0E-4
173	174;1.0E-4
1738	1739;1.0E-4
1743	1744;1.0E-4
1766	1767;1.0E-4
1771	1772;1.0E-4
1789	1790;1.0E-4
1794	1795;1.0E-4
1816	1817;1.0E-4
1821	1822;1.0E-4
1839	1840;1.0E-4
1844	1845;1.0E-4
1867	1868;1.0E-4
1872	1873;1.0E-4
1895	1896;1.0E-4
1917	1918;1.0E-4
1922	1923;1.0E-4
1945	1946;1.0E-4
1950	1951;1.0E-4
196	197;1.0E-4
1968	1969;1.0E-4
1973	1974;1.0E-4
1996	1997;1.0E-4
200	0;1.0E-4
2008	2009;6.7942296E-5
2013	2014;1.0E-4
2036	2037;1.0E-4
2041	2042;1.0E-4
2059	2060;1.0E-4
2064	2065;1.0E-4
2087	2088;1.0E-4
2092	2093;1.0E-4
21	22;1.0E-4
2109	2110;7.275095E-5
2114	2115;1.0E-4
2137	2138;1.0E-4
2142	2143;1.0E-4
2165	2166;1.0E-4
2170	2171;1.0E-4
218	219;1.0E-4
2188	2189;1.0E-4
2193	2194;1.0E-4
2215	2216;1.0E-4
2220	2221;1.0E-4
223	224;1.0E-4
2238	2239;1.0E-4
2243	2244;1.0E-4
2266	2267;1.0E-4
2271	2272;1.0E-4
2289	2290;1.0E-4
2294	2295;1.0E-4
2316	2317;1.0E-4
2321	2322;1.0E-4
2339	2340;1.0E-4
2344	2345;1.0E-4
2367	2368;1.0E-4
2372	2373;1.0E-4
2395	2396;1.0E-4
2417	2418;1.0E-4
2422	2423;1.0E-4
2445	2446;1.0E-4
2450	2451;1.0E-4
246	247;1.0E-4
2468	2469;1.0E-4
2473	2474;1.0E-4
2496	2497;1.0E-4
2500	0;1.0E-4
251	252;1.0E-4
2518	2519;1.0E-4
2523	2524;1.0E-4
2546	2547;1.0E-4
2551	2552;1.0E-4
2569	2570;1.0E-4
2574	2575;1.0E-4
2597	2598;1.0E-4
2601	2602;0.0
2619	2620;1.0E-4
2624	2625;1.0E-4
2647	2648;1.0E-4
2652	2653;1.0E-4
2675	2676;1.0E-4
2680	2681;1.0E-4
269	270;1.0E-4
2698	2699;1.0E-4
2702	2703;1.4999998E-5
2725	2726;1.0E-4
2730	2731;1.0E-4
274	275;1.0E-4
2748	2749;1.0E-4
2753	2754;1.0E-4
2776	2777;1.0E-4
2781	2782;1.0E-4
2799	2800;1.0E-4
2803	2804;2.7749997E-5
2826	2827;1.0E-4
2831	2832;1.0E-4
2849	2850;1.0E-4
2854	2855;1.0E-4
2877	2878;1.0E-4
2882	2883;1.0E-4
2904	2905;3.8587496E-5
2927	2928;1.0E-4
2932	2933;1.0E-4
2955	2956;1.0E-4
2960	2961;1.0E-4
297	298;1.0E-4
2978	2979;1.0E-4
2983	2984;1.0E-4
3000	0;1.0E-4
301	302;0.0
3018	3019;1.0E-4
3023	3024;1.0E-4
3046	3047;1.0E-4
3051	3052;1.0E-4
3069	3070;1.0E-4
3074	3075;1.0E-4
3097	3098;1.0E-4
3101	3102;0.0
3119	3120;1.0E-4
3124	3125;1.0E-4
3147	3148;1.0E-4
3152	3153;1.0E-4
3175	3176;1.0E-4
3180	3181;1.0E-4
319	320;1.0E-4
3198	3199;1.0E-4
3202	3203;1.4999998E-5
3225	3226;1.0E-4
3230	3231;1.0E-4
324	325;1.0E-4
3248	3249;1.0E-4
3253	3254;1.0E-4
3276	3277;1.0E-4
3281	3282;1.0E-4
3299	3300;1.0E-4
3303	3304;2.7749997E-5
3326	3327;1.0E-4
3331	3332;1.0E-4
3349	3350;1.0E-4
3354	3355;1.0E-4
3377	3378;1.0E-4
3382	3383;1.0E-4
3404	3405;3.8587496E-5
3427	3428;1.0E-4
3432	3433;1.0E-4
3455	3456;1.0E-4
3460	3461;1.0E-4
347	348;1.0E-4
3478	3479;1.0E-4
3483	3484;1.0E-4
3505	3506;4.779937E-5
3510	3511;7.68383E-5
352	353;1.0E-4
3528	3529;1.0E-4
3533	3534;1.0E-4
3556	3557;1.0E-4
3561	3562;1.0E-4
3579	3580;1.0E-4
3584	3585;1.0E-4
3606	3607;5.5629465E-5
3611	3612;1.0E-4
3629	3630;1.0E-4
3634	3635;1.0E-4
3657	3658;1.0E-4
3662	3663;1.0E-4
3685	3686;1.0E-4
3690	3691;1.0E-4
3707	3708;6.228505E-5
3712	3713;1.0E-4
3735	3736;1.0E-4
3740	3741;1.0E-4
375	376;1.0E-4
3758	3759;1.0E-4
3763	3764;1.0E-4
3786	3787;1.0E-4
3791	3792;1.0E-4
380	381;1.0E-4
3808	3809;6.7942296E-5
3813	3814;1.0E-4
3836	3837;1.0E-4
3841	3842;1.0E-4
3859	3860;1.0E-4
3864	3865;1.0E-4
3887	3888;1.0E-4
3892	3893;1.0E-4
39	40;1.0E-4
3909	3910;7.275095E-5
3914	3915;1.0E-4
3937	3938;1.0E-4
3942	3943;1.0E-4
3965	3966;1.0E-4
3970	3971;1.0E-4
398	399;1.0E-4
3988	3989;1.0E-4
3993	3994;1.0E-4
4005	4006;4.779937E-5
4010	4011;7.68383E-5
402	403;1.4999998E-5
4028	4029;1.0E-4
4033	4034;1.0E-4
4056	4057;1.0E-4
4061	4062;1.0E-4
4079	4080;1.0E-4
4084	4085;1.0E-4
4106	4107;5.5629465E-5
4111	4112;1.0E-4
4129	4130;1.0E-4
4134	4135;1.0E-4
4157	4158;1.0E-4
4162	4163;1.0E-4
4185	4186;1.0E-4
4190	4191;1.0E-4
4207	4208;6.228505E-5
4212	4213;1.0E-4
4235	4236;1.0E-4
4240	4241;1.0E-4
425	426;1.0E-4
4258	4259;1.0E-4
4263	4264;1.0E-4
4286	4287;1.0E-4
4291	4292;1.0E-4
430	431;1.0E-4
4308	4309;6.7942296E-5
4313	4314;1.0E-4
4336	4337;1.0E-4
4341	4342;1.0E-4
4359	4360;1.0E-4
4364	4365;1.0E-4
4387	4388;1.0E-4
4392	4393;1.0E-4
44	45;1.0E-4
4409	4410;7.275095E-5
4414	4415;1.0E-4
4437	4438;1.0E-4
4442	4443;1.0E-4
4465	4466;1.0E-4
4470	4471;1.0E-4
448	449;1.0E-4
4488	4489;1.0E-4
4493	4494;1.0E-4
4515	4516;1.0E-4
4520	4521;1.0E-4
453	454;1.0E-4
4538	4539;1.0E-4
4543	4544;1.0E-4
4566	4567;1.0E-4
4571	4572;1.0E-4
4589	4590;1.0E-4
4594	4595;1.0E-4
4616	4617;1.0E-4
4621	4622;1.0E-4
4639	4640;1.0E-4
4644	4645;1.0E-4
4667	4668;1.0E-4
4672	4673;1.0E-4
4695	4696;1.0E-4
4717	4718;1.0E-4
4722	4723;1.0E-4
4745	4746;1.0E-4
4750	4751;1.0E-4
476	477;1.0E-4
4768	4769;1.0E-4
4773	4774;1.0E-4
4796	4797;1.0E-4
4800	0;1.0E-4
481	482;1.0E-4
4818	4819;1.0E-4
4823	4824;1.0E-4
4846	4847;1.0E-4
4851	4852;1.0E-4
4869	4870;1.0E-4
4874	4875;1.0E-4
4897	4898;1.0E-4
4901	4902;0.0
4919	4920;1.0E-4
4924	4925;1.0E-4
4947	4948;1.0E-4
4952	4953;1.0E-4
4975	4976;1.0E-4
4980	4981;1.0E-4
499	500;1.0E-4
4998	4999;1.0E-4
5015	5016;1.0E-4
5020	5021;1.0E-4
503	504;2.7749997E-5
5038	5039;1.0E-4
5043	5044;1.0E-4
5066	5067;1.0E-4
5071	5072;1.0E-4
5089	5090;1.0E-4
5094	5095;1.0E-4
5116	5117;1.0E-4
5121	5122;1.0E-4
5139	5140;1.0E-4
5144	5145;1.0E-4
5167	5168;1.0E-4
5172	5173;1.0E-4
5195	5196;1.0E-4
5217	5218;1.0E-4
5222	5223;1.0E-4
5245	5246;1.0E-4
5250	5251;1.0E-4
526	527;1.0E-4
5268	5269;1.0E-4
5273	5274;1.0E-4
5296	5297;1.0E-4
5300	0;1.0E-4
531	532;1.0E-4
5318	5319;1.0E-4
5323	5324;1.0E-4
5346	5347;1.0E-4
5351	5352;1.0E-4
5369	5370;1.0E-4
5374	5375;1.0E-4
5397	5398;1.0E-4
5401	5402;0.0
5419	5420;1.0E-4
5424	5425;1.0E-4
5447	5448;1.0E-4
5452	5453;1.0E-4
5475	5476;1.0E-4
5480	5481;1.0E-4
549	550;1.0E-4
5498	5499;1.0E-4
5502	5503;1.4999998E-5
5525	5526;1.0E-4
5530	5531;1.0E-4
554	555;1.0E-4
5548	5549;1.0E-4
5553	5554;1.0E-4
5576	5577;1.0E-4
5581	5582;1.0E-4
5599	5600;1.0E-4
5603	5604;2.7749997E-5
5626	5627;1.0E-4
5631	5632;1.0E-4
5649	5650;1.0E-4
5654	5655;1.0E-4
5677	5678;1.0E-4
5682	5683;1.0E-4
5704	5705;3.8587496E-5
5727	5728;1.0E-4
5732	5733;1.0E-4
5755	5756;1.0E-4
5760	5761;1.0E-4
577	578;1.0E-4
5778	5779;1.0E-4
5783	5784;1.0E-4
5805	5806;4.779937E-5
5810	5811;7.68383E-5
582	583;1.0E-4
5828	5829;1.0E-4
5833	5834;1.0E-4
5856	5857;1.0E-4
5861	5862;1.0E-4
5879	5880;1.0E-4
5884	5885;1.0E-4
5906	5907;5.5629465E-5
5911	5912;1.0E-4
5929	5930;1.0E-4
5934	5935;1.0E-4
5957	5958;1.0E-4
5962	5963;1.0E-4
5985	5986;1.0E-4
5990	5991;1.0E-4
6002	6003;1.4999998E-5
6025	6026;1.0E-4
6030	6031;1.0E-4
604	605;3.8587496E-5
6048	6049;1.0E-4
6053	6054;1.0E-4
6076	6077;1.0E-4
6081	6082;1.0E-4
6099	6100;1.0E-4
6103	6104;2.7749997E-5
6126	6127;1.0E-4
6131	6132;1.0E-4
6149	6150;1.0E-4
6154	6155;1.0E-4
6177	6178;1.0E-4
6182	6183;1.0E-4
6204	6205;3.8587496E-5
6227	6228;1.0E-4
6232	6233;1.0E-4
6255	6256;1.0E-4
6260	6261;1.0E-4
627	628;1.0E-4
6278	6279;1.0E-4
6283	6284;1.0E-4
6305	6306;4.779937E-5
6310	6311;7.68383E-5
632	633;1.0E-4
6328	6329;1.0E-4
6333	6334;1.0E-4
6356	6357;1.0E-4
6361	6362;1.0E-4
6379	6380;1.0E-4
6384	6385;1.0E-4
6406	6407;5.5629465E-5
6411	6412;1.0E-4
6429	6430;1.0E-4
6434	6435;1.0E-4
6457	6458;1.0E-4
6462	6463;1.0E-4
6485	6486;1.0E-4
6490	6491;1.0E-4
6507	6508;6.228505E-5
6512	6513;1.0E-4
6535	6536;1.0E-4
6540	6541;1.0E-4
655	656;1.0E-4
6558	6559;1.0E-4
6563	6564;1.0E-4
6586	6587;1.0E-4
6591	6592;1.0E-4
660	661;1.0E-4
6608	6609;6.7942296E-5
6613	6614;1.0E-4
6636	6637;1.0E-4
6641	6642;1.0E-4
6659	6660;1.0E-4
6664	6665;1.0E-4
6687	6688;1.0E-4
6692	6693;1.0E-4
67	68;1.0E-4
6709	6710;7.275095E-5
6714	6715;1.0E-4
6737	6738;1.0E-4
6742	6743;1.0E-4
6765	6766;1.0E-4
6770	6771;1.0E-4
678	679;1.0E-4
6788	6789;1.0E-4
6793	6794;1.0E-4
6815	6816;1.0E-4
6820	6821;1.0E-4
683	684;1.0E-4
6838	6839;1.0E-4
6843	6844;1.0E-4
6866	6867;1.0E-4
6871	6872;1.0E-4
6889	6890;1.0E-4
6894	6895;1.0E-4
6916	6917;1.0E-4
6921	6922;1.0E-4
6939	6940;1.0E-4
6944	6945;1.0E-4
6967	6968;1.0E-4
6972	6973;1.0E-4
6995	6996;1.0E-4
7007	7008;6.228505E-5
7012	7013;1.0E-4
7035	7036;1.0E-4
7040	7041;1.0E-4
705	706;4.779937E-5
7058	7059;1.0E-4
7063	7064;1.0E-4
7086	7087;1.0E-4
7091	7092;1.0E-4
710	711;7.68383E-5
7108	7109;6.7942296E-5
7113	7114;1.0E-4
7136	7137;1.0E-4
7141	7142;1.0E-4
7159	7160;1.0E-4
7164	7165;1.0E-4
7187	7188;1.0E-4
7192	7193;1.0E-4
72	73;1.0E-4
7209	7210;7.275095E-5
7214	7215;1.0E-4
7237	7238;1.0E-4
7242	7243;1.0E-4
7265	7266;1.0E-4
7270	7271;1.0E-4
728	729;1.0E-4
7288	7289;1.0E-4
7293	7294;1.0E-4
7315	7316;1.0E-4
7320	7321;1.0E-4
733	734;1.0E-4
7338	7339;1.0E-4
7343	7344;1.0E-4
7366	7367;1.0E-4
7371	7372;1.0E-4
7389	7390;1.0E-4
7394	7395;1.0E-4
7416	7417;1.0E-4
7421	7422;1.0E-4
7439	7440;1.0E-4
7444	7445;1.0E-4
7467	7468;1.0E-4
7472	7473;1.0E-4
7495	7496;1.0E-4
7517	7518;1.0E-4
7522	7523;1.0E-4
7545	7546;1.0E-4
7550	7551;1.0E-4
756	757;1.0E-4
7568	7569;1.0E-4
7573	7574;1.0E-4
7596	7597;1.0E-4
7600	0;1.0E-4
761	762;1.0E-4
7618	7619;1.0E-4
7623	7624;1.0E-4
7646	7647;1.0E-4
7651	7652;1.0E-4
7669	7670;1.0E-4
7674	7675;1.0E-4
7697	7698;1.0E-4
7701	7702;0.0
7719	7720;1.0E-4
7724	7725;1.0E-4
7747	7748;1.0E-4
7752	7753;1.0E-4
7775	7776;1.0E-4
7780	7781;1.0E-4
779	780;1.0E-4
7798	7799;1.0E-4
7802	7803;1.4999998E-5
7825	7826;1.0E-4
7830	7831;1.0E-4
784	785;1.0E-4
7848	7849;1.0E-4
7853	7854;1.0E-4
7876	7877;1.0E-4
7881	7882;1.0E-4
7899	7900;1.0E-4
7903	7904;2.7749997E-5
7926	7927;1.0E-4
7931	7932;1.0E-4
7949	7950;1.0E-4
7954	7955;1.0E-4
7977	7978;1.0E-4
7982	7983;1.0E-4
8017	8018;1.0E-4
8022	8023;1.0E-4
8045	8046;1.0E-4
8050	8051;1.0E-4
806	807;5.5629465E-5
8068	8069;1.0E-4
8073	8074;1.0E-4
8096	8097;1.0E-4
8100	0;1.0E-4
811	812;1.0E-4
8118	8119;1.0E-4
8123	8124;1.0E-4
8146	8147;1.0E-4
8151	8152;1.0E-4
8169	8170;1.0E-4
8174	8175;1.0E-4
8197	8198;1.0E-4
8201	8202;0.0
8219	8220;1.0E-4
8224	8225;1.0E-4
8247	8248;1.0E-4
8252	8253;1.0E-4
8275	8276;1.0E-4
8280	8281;1.0E-4
829	830;1.0E-4
8298	8299;1.0E-4
8302	8303;1.4999998E-5
8325	8326;1.0E-4
8330	8331;1.0E-4
834	835;1.0E-4
8348	8349;1.0E-4
8353	8354;1.0E-4
8376	8377;1.0E-4
8381	8382;1.0E-4
8399	8400;1.0E-4
8403	8404;2.7749997E-5
8426	8427;1.0E-4
8431	8432;1.0E-4
8449	8450;1.0E-4
8454	8455;1.0E-4
8477	8478;1.0E-4
8482	8483;1.0E-4
8504	8505;3.8587496E-5
8527	8528;1.0E-4
8532	8533;1.0E-4
8555	8556;1.0E-4
8560	8561;1.0E-4
857	858;1.0E-4
8578	8579;1.0E-4
8583	8584;1.0E-4
8605	8606;4.779937E-5
8610	8611;7.68383E-5
862	863;1.0E-4
8628	8629;1.0E-4
8633	8634;1.0E-4
8656	8657;1.0E-4
8661	8662;1.0E-4
8679	8680;1.0E-4
8684	8685;1.0E-4
8706	8707;5.5629465E-5
8711	8712;1.0E-4
8729	8730;1.0E-4
8734	8735;1.0E-4
8757	8758;1.0E-4
8762	8763;1.0E-4
8785	8786;1.0E-4
8790	8791;1.0E-4
8807	8808;6.228505E-5
8812	8813;1.0E-4
8835	8836;1.0E-4
8840	8841;1.0E-4
885	886;1.0E-4
8858	8859;1.0E-4
8863	8864;1.0E-4
8886	8887;1.0E-4
8891	8892;1.0E-4
890	891;1.0E-4
8908	8909;6.7942296E-5
8913	8914;1.0E-4
8936	8937;1.0E-4
8941	8942;1.0E-4
8959	8960;1.0E-4
8964	8965;1.0E-4
8987	8988;1.0E-4
8992	8993;1.0E-4
9004	9005;3.8587496E-5
9027	9028;1.0E-4
9032	9033;1.0E-4
9055	9056;1.0E-4
9060	9061;1.0E-4
907	908;6.228505E-5
9078	9079;1.0E-4
9083	9084;1.0E-4
9105	9106;4.779937E-5
9110	9111;7.68383E-5
912	913;1.0E-4
9128	9129;1.0E-4
9133	9134;1.0E-4
9156	9157;1.0E-4
9161	9162;1.0E-4
9179	9180;1.0E-4
9184	9185;1.0E-4
9206	9207;5.5629465E-5
9211	9212;1.0E-4
9229	9230;1.0E-4
9234	9235;1.0E-4
9257	9258;1.0E-4
9262	9263;1.0E-4
9285	9286;1.0E-4
9290	9291;1.0E-4
9307	9308;6.228505E-5
9312	9313;1.0E-4
9335	9336;1.0E-4
9340	9341;1.0E-4
935	936;1.0E-4
9358	9359;1.0E-4
9363	9364;1.0E-4
9386	9387;1.0E-4
9391	9392;1.0E-4
940	941;1.0E-4
9408	9409;6.7942296E-5
9413	9414;1.0E-4
9436	9437;1.0E-4
9441	9442;1.0E-4
9459	9460;1.0E-4
9464	9465;1.0E-4
9487	9488;1.0E-4
9492	9493;1.0E-4
95	96;1.0E-4
9509	9510;7.275095E-5
9514	9515;1.0E-4
9537	9538;1.0E-4
9542	9543;1.0E-4
9565	9566;1.0E-4
9570	9571;1.0E-4
958	959;1.0E-4
9588	9589;1.0E-4
9593	9594;1.0E-4
9615	9616;1.0E-4
9620	9621;1.0E-4
963	964;1.0E-4
9638	9639;1.0E-4
9643	9644;1.0E-4
9666	9667;1.0E-4
9671	9672;1.0E-4
9689	9690;1.0E-4
9694	9695;1.0E-4
9716	9717;1.0E-4
9721	9722;1.0E-4
9739	9740;1.0E-4
9744	9745;1.0E-4
9767	9768;1.0E-4
9772	9773;1.0E-4
9795	9796;1.0E-4
9817	9818;1.0E-4
9822	9823;1.0E-4
9845	9846;1.0E-4
9850	9851;1.0E-4
986	987;1.0E-4
9868	9869;1.0E-4
9873	9874;1.0E-4
9896	9897;1.0E-4
9900	0;1.0E-4
991	992;1.0E-4
9918	9919;1.0E-4
9923	9924;1.0E-4
9946	9947;1.0E-4
9951	9952;1.0E-4
9969	9970;1.0E-4
9974	9975;1.0E-4
9997	9998;1.0E-4
