10	11;7.68383E-5
1015	1016;1.0E-4
1020	1021;1.0E-4
1038	1039;1.0E-4
1043	1044;1.0E-4
106	107;5.5629465E-5
1066	1067;1.0E-4
1071	1072;1.0E-4
1089	1090;1.0E-4
1094	1095;1.0E-4
111	112;1.0E-4
1116	1117;1.0E-4
1121	1122;1.0E-4
1139	1140;1.0E-4
1144	1145;1.0E-4
1167	1168;1.0E-4
1172	1173;1.0E-4
1195	1196;1.0E-4
1217	1218;1.0E-4
1222	1223;1.0E-4
1245	1246;1.0E-4
1250	1251;1.0E-4
1268	1269;1.0E-4
1273	1274;1.0E-4
129	130;1.0E-4
1296	1297;1.0E-4
1300	0;1.0E-4
1318	1319;1.0E-4
1323	1324;1.0E-4
134	135;1.0E-4
1346	1347;1.0E-4
1351	1352;1.0E-4
1369	1370;1.0E-4
1374	1375;1.0E-4
1397	1398;1.0E-4
1401	1402;0.0
1419	1420;1.0E-4
1424	1425;1.0E-4
1447	1448;1.0E-4
1452	1453;1.0E-4
1475	1476;1.0E-4
1480	1481;1.0E-4
1498	1499;1.0E-4
1502	1503;1.4999998E-5
1525	1526;1.0E-4
1530	1531;1.0E-4
1548	1549;1.0E-4
1553	1554;1.0E-4
157	158;1.0E-4
1576	1577;1.0E-4
1581	1582;1.0E-4
1599	1600;1.0E-4
1603	1604;2.7749997E-5
162	163;1.0E-4
1626	1627;1.0E-4
1631	1632;1.0E-4
1649	1650;1.0E-4
1654	1655;1.0E-4
1677	1678;1.0E-4
1682	1683;1.0E-4
1704	1705;3.8587496E-5
1727	1728;1.0E-4
1732	1733;1.0E-4
1755	1756;1.0E-4
1760	1761;1.0E-4
1778	1779;1.0E-4
1783	1784;1.0E-4
1805	1806;4.779937E-5
1810	1811;7.68383E-5
1828	1829;1.0E-4
1833	1834;1.0E-4
185	186;1.0E-4
1856	1857;1.0E-4
1861	1862;1.0E-4
1879	1880;1.0E-4
1884	1885;1.0E-4
190	191;1.0E-4
1906	1907;5.5629465E-5
1911	1912;1.0E-4
1929	1930;1.0E-4
1934	1935;1.0E-4
1957	1958;1.0E-4
1962	1963;1.0E-4
1985	1986;1.0E-4
1990	1991;1.0E-4
2002	2003;1.4999998E-5
2025	2026;1.0E-4
2030	2031;1.0E-4
2048	2049;1.0E-4
2053	2054;1.0E-4
207	208;6.228505E-5
2076	2077;1.0E-4
2081	2082;1.0E-4
2099	2100;1.0E-4
2103	2104;2.7749997E-5
212	213;1.0E-4
2126	2127;1.0E-4
2131	2132;1.0E-4
2149	2150;1.0E-4
2154	2155;1.0E-4
2177	2178;1.0E-4
2182	2183;1.0E-4
2204	2205;3.8587496E-5
2227	2228;1.0E-4
2232	2233;1.0E-4
2255	2256;1.0E-4
2260	2261;1.0E-4
2278	2279;1.0E-4
2283	2284;1.0E-4
2305	2306;4.779937E-5
2310	2311;7.68383E-5
2328	2329;1.0E-4
2333	2334;1.0E-4
235	236;1.0E-4
2356	2357;1.0E-4
2361	2362;1.0E-4
2379	2380;1.0E-4
2384	2385;1.0E-4
240	241;1.0E-4
2406	2407;5.5629465E-5
2411	2412;1.0E-4
2429	2430;1.0E-4
2434	2435;1.0E-4
2457	2458;1.0E-4
2462	2463;1.0E-4
2485	2486;1.0E-4
2490	2491;1.0E-4
2507	2508;6.228505E-5
2512	2513;1.0E-4
2535	2536;1.0E-4
2540	2541;1.0E-4
2558	2559;1.0E-4
2563	2564;1.0E-4
258	259;1.0E-4
2586	2587;1.0E-4
2591	2592;1.0E-4
2608	2609;6.7942296E-5
2613	2614;1.0E-4
263	264;1.0E-4
2636	2637;1.0E-4
2641	2642;1.0E-4
2659	2660;1.0E-4
2664	2665;1.0E-4
2687	2688;1.0E-4
2692	2693;1.0E-4
2709	2710;7.275095E-5
2714	2715;1.0E-4
2737	2738;1.0E-4
2742	2743;1.0E-4
2765	2766;1.0E-4
2770	2771;1.0E-4
2788	2789;1.0E-4
2793	2794;1.0E-4
28	29;1.0E-4
2815	2816;1.0E-4
2820	2821;1.0E-4
2838	2839;1.0E-4
2843	2844;1.0E-4
286	287;1.0E-4
2866	2867;1.0E-4
2871	2872;1.0E-4
2889	2890;1.0E-4
2894	2895;1.0E-4
291	292;1.0E-4
2916	2917;1.0E-4
2921	2922;1.0E-4
2939	2940;1.0E-4
2944	2945;1.0E-4
2967	2968;1.0E-4
2972	2973;1.0E-4
2995	2996;1.0E-4
3007	3008;6.228505E-5
3012	3013;1.0E-4
3035	3036;1.0E-4
3040	3041;1.0E-4
3058	3059;1.0E-4
3063	3064;1.0E-4
308	309;6.7942296E-5
3086	3087;1.0E-4
3091	3092;1.0E-4
3108	3109;6.7942296E-5
3113	3114;1.0E-4
313	314;1.0E-4
3136	3137;1.0E-4
3141	3142;1.0E-4
3159	3160;1.0E-4
3164	3165;1.0E-4
3187	3188;1.0E-4
3192	3193;1.0E-4
3209	3210;7.275095E-5
3214	3215;1.0E-4
3237	3238;1.0E-4
3242	3243;1.0E-4
3265	3266;1.0E-4
3270	3271;1.0E-4
3288	3289;1.0E-4
3293	3294;1.0E-4
33	34;1.0E-4
3315	3316;1.0E-4
3320	3321;1.0E-4
3338	3339;1.0E-4
3343	3344;1.0E-4
336	337;1.0E-4
3366	3367;1.0E-4
3371	3372;1.0E-4
3389	3390;1.0E-4
3394	3395;1.0E-4
341	342;1.0E-4
3416	3417;1.0E-4
3421	3422;1.0E-4
3439	3440;1.0E-4
3444	3445;1.0E-4
3467	3468;1.0E-4
3472	3473;1.0E-4
3495	3496;1.0E-4
3517	3518;1.0E-4
3522	3523;1.0E-4
3545	3546;1.0E-4
3550	3551;1.0E-4
3568	3569;1.0E-4
3573	3574;1.0E-4
359	360;1.0E-4
3596	3597;1.0E-4
3600	0;1.0E-4
3618	3619;1.0E-4
3623	3624;1.0E-4
364	365;1.0E-4
3646	3647;1.0E-4
3651	3652;1.0E-4
3669	3670;1.0E-4
3674	3675;1.0E-4
3697	3698;1.0E-4
3701	3702;0.0
3719	3720;1.0E-4
3724	3725;1.0E-4
3747	3748;1.0E-4
3752	3753;1.0E-4
3775	3776;1.0E-4
3780	3781;1.0E-4
3798	3799;1.0E-4
3802	3803;1.4999998E-5
3825	3826;1.0E-4
3830	3831;1.0E-4
3848	3849;1.0E-4
3853	3854;1.0E-4
387	388;1.0E-4
3876	3877;1.0E-4
3881	3882;1.0E-4
3899	3900;1.0E-4
3903	3904;2.7749997E-5
392	393;1.0E-4
3926	3927;1.0E-4
3931	3932;1.0E-4
3949	3950;1.0E-4
3954	3955;1.0E-4
3977	3978;1.0E-4
3982	3983;1.0E-4
4017	4018;1.0E-4
4022	4023;1.0E-4
4045	4046;1.0E-4
4050	4051;1.0E-4
4068	4069;1.0E-4
4073	4074;1.0E-4
409	410;7.275095E-5
4096	4097;1.0E-4
4100	0;1.0E-4
4118	4119;1.0E-4
4123	4124;1.0E-4
414	415;1.0E-4
4146	4147;1.0E-4
4151	4152;1.0E-4
4169	4170;1.0E-4
4174	4175;1.0E-4
4197	4198;1.0E-4
4201	4202;0.0
4219	4220;1.0E-4
4224	4225;1.0E-4
4247	4248;1.0E-4
4252	4253;1.0E-4
4275	4276;1.0E-4
4280	4281;1.0E-4
4298	4299;1.0E-4
4302	4303;1.4999998E-5
4325	4326;1.0E-4
4330	4331;1.0E-4
4348	4349;1.0E-4
4353	4354;1.0E-4
437	438;1.0E-4
4376	4377;1.0E-4
4381	4382;1.0E-4
4399	4400;1.0E-4
4403	4404;2.7749997E-5
442	443;1.0E-4
4426	4427;1.0E-4
4431	4432;1.0E-4
4449	4450;1.0E-4
4454	4455;1.0E-4
4477	4478;1.0E-4
4482	4483;1.0E-4
4504	4505;3.8587496E-5
4527	4528;1.0E-4
4532	4533;1.0E-4
4555	4556;1.0E-4
4560	4561;1.0E-4
4578	4579;1.0E-4
4583	4584;1.0E-4
4605	4606;4.779937E-5
4610	4611;7.68383E-5
4628	4629;1.0E-4
4633	4634;1.0E-4
465	466;1.0E-4
4656	4657;1.0E-4
4661	4662;1.0E-4
4679	4680;1.0E-4
4684	4685;1.0E-4
470	471;1.0E-4
4706	4707;5.5629465E-5
4711	4712;1.0E-4
4729	4730;1.0E-4
4734	4735;1.0E-4
4757	4758;1.0E-4
4762	4763;1.0E-4
4785	4786;1.0E-4
4790	4791;1.0E-4
4807	4808;6.228505E-5
4812	4813;1.0E-4
4835	4836;1.0E-4
4840	4841;1.0E-4
4858	4859;1.0E-4
4863	4864;1.0E-4
488	489;1.0E-4
4886	4887;1.0E-4
4891	4892;1.0E-4
4908	4909;6.7942296E-5
4913	4914;1.0E-4
493	494;1.0E-4
4936	4937;1.0E-4
4941	4942;1.0E-4
4959	4960;1.0E-4
4964	4965;1.0E-4
4987	4988;1.0E-4
4992	4993;1.0E-4
5	6;4.779937E-5
5004	5005;3.8587496E-5
5027	5028;1.0E-4
5032	5033;1.0E-4
5055	5056;1.0E-4
5060	5061;1.0E-4
5078	5079;1.0E-4
5083	5084;1.0E-4
5105	5106;4.779937E-5
5110	5111;7.68383E-5
5128	5129;1.0E-4
5133	5134;1.0E-4
515	516;1.0E-4
5156	5157;1.0E-4
5161	5162;1.0E-4
5179	5180;1.0E-4
5184	5185;1.0E-4
520	521;1.0E-4
5206	5207;5.5629465E-5
5211	5212;1.0E-4
5229	5230;1.0E-4
5234	5235;1.0E-4
5257	5258;1.0E-4
5262	5263;1.0E-4
5285	5286;1.0E-4
5290	5291;1.0E-4
5307	5308;6.228505E-5
5312	5313;1.0E-4
5335	5336;1.0E-4
5340	5341;1.0E-4
5358	5359;1.0E-4
5363	5364;1.0E-4
538	539;1.0E-4
5386	5387;1.0E-4
5391	5392;1.0E-4
5408	5409;6.7942296E-5
5413	5414;1.0E-4
543	544;1.0E-4
5436	5437;1.0E-4
5441	5442;1.0E-4
5459	5460;1.0E-4
5464	5465;1.0E-4
5487	5488;1.0E-4
5492	5493;1.0E-4
5509	5510;7.275095E-5
5514	5515;1.0E-4
5537	5538;1.0E-4
5542	5543;1.0E-4
5565	5566;1.0E-4
5570	5571;1.0E-4
5588	5589;1.0E-4
5593	5594;1.0E-4
56	57;1.0E-4
5615	5616;1.0E-4
5620	5621;1.0E-4
5638	5639;1.0E-4
5643	5644;1.0E-4
566	567;1.0E-4
5666	5667;1.0E-4
5671	5672;1.0E-4
5689	5690;1.0E-4
5694	5695;1.0E-4
571	572;1.0E-4
5716	5717;1.0E-4
5721	5722;1.0E-4
5739	5740;1.0E-4
5744	5745;1.0E-4
5767	5768;1.0E-4
5772	5773;1.0E-4
5795	5796;1.0E-4
5817	5818;1.0E-4
5822	5823;1.0E-4
5845	5846;1.0E-4
5850	5851;1.0E-4
5868	5869;1.0E-4
5873	5874;1.0E-4
589	590;1.0E-4
5896	5897;1.0E-4
5900	0;1.0E-4
5918	5919;1.0E-4
5923	5924;1.0E-4
594	595;1.0E-4
5946	5947;1.0E-4
5951	5952;1.0E-4
5969	5970;1.0E-4
5974	5975;1.0E-4
5997	5998;1.0E-4
6009	6010;7.275095E-5
6014	6015;1.0E-4
6037	6038;1.0E-4
6042	6043;1.0E-4
6065	6066;1.0E-4
6070	6071;1.0E-4
6088	6089;1.0E-4
6093	6094;1.0E-4
61	62;1.0E-4
6115	6116;1.0E-4
6120	6121;1.0E-4
6138	6139;1.0E-4
6143	6144;1.0E-4
616	617;1.0E-4
6166	6167;1.0E-4
6171	6172;1.0E-4
6189	6190;1.0E-4
6194	6195;1.0E-4
621	622;1.0E-4
6216	6217;1.0E-4
6221	6222;1.0E-4
6239	6240;1.0E-4
6244	6245;1.0E-4
6267	6268;1.0E-4
6272	6273;1.0E-4
6295	6296;1.0E-4
6317	6318;1.0E-4
6322	6323;1.0E-4
6345	6346;1.0E-4
6350	6351;1.0E-4
6368	6369;1.0E-4
6373	6374;1.0E-4
639	640;1.0E-4
6396	6397;1.0E-4
6400	0;1.0E-4
6418	6419;1.0E-4
6423	6424;1.0E-4
644	645;1.0E-4
6446	6447;1.0E-4
6451	6452;1.0E-4
6469	6470;1.0E-4
6474	6475;1.0E-4
6497	6498;1.0E-4
6501	6502;0.0
6519	6520;1.0E-4
6524	6525;1.0E-4
6547	6548;1.0E-4
6552	6553;1.0E-4
6575	6576;1.0E-4
6580	6581;1.0E-4
6598	6599;1.0E-4
6602	6603;1.4999998E-5
6625	6626;1.0E-4
6630	6631;1.0E-4
6648	6649;1.0E-4
6653	6654;1.0E-4
667	668;1.0E-4
6676	6677;1.0E-4
6681	6682;1.0E-4
6699	6700;1.0E-4
6703	6704;2.7749997E-5
672	673;1.0E-4
6726	6727;1.0E-4
6731	6732;1.0E-4
6749	6750;1.0E-4
6754	6755;1.0E-4
6777	6778;1.0E-4
6782	6783;1.0E-4
6804	6805;3.8587496E-5
6827	6828;1.0E-4
6832	6833;1.0E-4
6855	6856;1.0E-4
6860	6861;1.0E-4
6878	6879;1.0E-4
6883	6884;1.0E-4
6905	6906;4.779937E-5
6910	6911;7.68383E-5
6928	6929;1.0E-4
6933	6934;1.0E-4
695	696;1.0E-4
6956	6957;1.0E-4
6961	6962;1.0E-4
6979	6980;1.0E-4
6984	6985;1.0E-4
7001	7002;0.0
7019	7020;1.0E-4
7024	7025;1.0E-4
7047	7048;1.0E-4
7052	7053;1.0E-4
7075	7076;1.0E-4
7080	7081;1.0E-4
7098	7099;1.0E-4
7102	7103;1.4999998E-5
7125	7126;1.0E-4
7130	7131;1.0E-4
7148	7149;1.0E-4
7153	7154;1.0E-4
717	718;1.0E-4
7176	7177;1.0E-4
7181	7182;1.0E-4
7199	7200;1.0E-4
7203	7204;2.7749997E-5
722	723;1.0E-4
7226	7227;1.0E-4
7231	7232;1.0E-4
7249	7250;1.0E-4
7254	7255;1.0E-4
7277	7278;1.0E-4
7282	7283;1.0E-4
7304	7305;3.8587496E-5
7327	7328;1.0E-4
7332	7333;1.0E-4
7355	7356;1.0E-4
7360	7361;1.0E-4
7378	7379;1.0E-4
7383	7384;1.0E-4
7405	7406;4.779937E-5
7410	7411;7.68383E-5
7428	7429;1.0E-4
7433	7434;1.0E-4
745	746;1.0E-4
7456	7457;1.0E-4
7461	7462;1.0E-4
7479	7480;1.0E-4
7484	7485;1.0E-4
750	751;1.0E-4
7506	7507;5.5629465E-5
7511	7512;1.0E-4
7529	7530;1.0E-4
7534	7535;1.0E-4
7557	7558;1.0E-4
7562	7563;1.0E-4
7585	7586;1.0E-4
7590	7591;1.0E-4
7607	7608;6.228505E-5
7612	7613;1.0E-4
7635	7636;1.0E-4
7640	7641;1.0E-4
7658	7659;1.0E-4
7663	7664;1.0E-4
768	769;1.0E-4
7686	7687;1.0E-4
7691	7692;1.0E-4
7708	7709;6.7942296E-5
7713	7714;1.0E-4
773	774;1.0E-4
7736	7737;1.0E-4
7741	7742;1.0E-4
7759	7760;1.0E-4
7764	7765;1.0E-4
7787	7788;1.0E-4
7792	7793;1.0E-4
7809	7810;7.275095E-5
7814	7815;1.0E-4
7837	7838;1.0E-4
7842	7843;1.0E-4
7865	7866;1.0E-4
7870	7871;1.0E-4
7888	7889;1.0E-4
7893	7894;1.0E-4
79	80;1.0E-4
7915	7916;1.0E-4
7920	7921;1.0E-4
7938	7939;1.0E-4
7943	7944;1.0E-4
796	797;1.0E-4
7966	7967;1.0E-4
7971	7972;1.0E-4
7989	7990;1.0E-4
7994	7995;1.0E-4
800	0;1.0E-4
8006	8007;5.5629465E-5
8011	8012;1.0E-4
8029	8030;1.0E-4
8034	8035;1.0E-4
8057	8058;1.0E-4
8062	8063;1.0E-4
8085	8086;1.0E-4
8090	8091;1.0E-4
8107	8108;6.228505E-5
8112	8113;1.0E-4
8135	8136;1.0E-4
8140	8141;1.0E-4
8158	8159;1.0E-4
8163	8164;1.0E-4
818	819;1.0E-4
8186	8187;1.0E-4
8191	8192;1.0E-4
8208	8209;6.7942296E-5
8213	8214;1.0E-4
823	824;1.0E-4
8236	8237;1.0E-4
8241	8242;1.0E-4
8259	8260;1.0E-4
8264	8265;1.0E-4
8287	8288;1.0E-4
8292	8293;1.0E-4
8309	8310;7.275095E-5
8314	8315;1.0E-4
8337	8338;1.0E-4
8342	8343;1.0E-4
8365	8366;1.0E-4
8370	8371;1.0E-4
8388	8389;1.0E-4
8393	8394;1.0E-4
84	85;1.0E-4
8415	8416;1.0E-4
8420	8421;1.0E-4
8438	8439;1.0E-4
8443	8444;1.0E-4
846	847;1.0E-4
8466	8467;1.0E-4
8471	8472;1.0E-4
8489	8490;1.0E-4
8494	8495;1.0E-4
851	852;1.0E-4
8516	8517;1.0E-4
8521	8522;1.0E-4
8539	8540;1.0E-4
8544	8545;1.0E-4
8567	8568;1.0E-4
8572	8573;1.0E-4
8595	8596;1.0E-4
8617	8618;1.0E-4
8622	8623;1.0E-4
8645	8646;1.0E-4
8650	8651;1.0E-4
8668	8669;1.0E-4
8673	8674;1.0E-4
869	870;1.0E-4
8696	8697;1.0E-4
8700	0;1.0E-4
8718	8719;1.0E-4
8723	8724;1.0E-4
874	875;1.0E-4
8746	8747;1.0E-4
8751	8752;1.0E-4
8769	8770;1.0E-4
8774	8775;1.0E-4
8797	8798;1.0E-4
8801	8802;0.0
8819	8820;1.0E-4
8824	8825;1.0E-4
8847	8848;1.0E-4
8852	8853;1.0E-4
8875	8876;1.0E-4
8880	8881;1.0E-4
8898	8899;1.0E-4
8902	8903;1.4999998E-5
8925	8926;1.0E-4
8930	8931;1.0E-4
8948	8949;1.0E-4
8953	8954;1.0E-4
897	898;1.0E-4
8976	8977;1.0E-4
8981	8982;1.0E-4
8999	9000;1.0E-4
901	902;0.0
9016	9017;1.0E-4
9021	9022;1.0E-4
9039	9040;1.0E-4
9044	9045;1.0E-4
9067	9068;1.0E-4
9072	9073;1.0E-4
9095	9096;1.0E-4
9117	9118;1.0E-4
9122	9123;1.0E-4
9145	9146;1.0E-4
9150	9151;1.0E-4
9168	9169;1.0E-4
9173	9174;1.0E-4
919	920;1.0E-4
9196	9197;1.0E-4
9200	0;1.0E-4
9218	9219;1.0E-4
9223	9224;1.0E-4
924	925;1.0E-4
9246	9247;1.0E-4
9251	9252;1.0E-4
9269	9270;1.0E-4
9274	9275;1.0E-4
9297	9298;1.0E-4
9301	9302;0.0
9319	9320;1.0E-4
9324	9325;1.0E-4
9347	9348;1.0E-4
9352	9353;1.0E-4
9375	9376;1.0E-4
9380	9381;1.0E-4
9398	9399;1.0E-4
9402	9403;1.4999998E-5
9425	9426;1.0E-4
9430	9431;1.0E-4
9448	9449;1.0E-4
9453	9454;1.0E-4
947	948;1.0E-4
9476	9477;1.0E-4
9481	9482;1.0E-4
9499	9500;1.0E-4
9503	9504;2.7749997E-5
952	953;1.0E-4
9526	9527;1.0E-4
9531	9532;1.0E-4
9549	9550;1.0E-4
9554	9555;1.0E-4
9577	9578;1.0E-4
9582	9583;1.0E-4
9604	9605;3.8587496E-5
9627	9628;1.0E-4
9632	9633;1.0E-4
9655	9656;1.0E-4
9660	9661;1.0E-4
9678	9679;1.0E-4
9683	9684;1.0E-4
9705	9706;4.779937E-5
9710	9711;7.68383E-5
9728	9729;1.0E-4
9733	9734;1.0E-4
975	976;1.0E-4
9756	9757;1.0E-4
9761	9762;1.0E-4
9779	9780;1.0E-4
9784	9785;1.0E-4
980	981;1.0E-4
9806	9807;5.5629465E-5
9811	9812;1.0E-4
9829	9830;1.0E-4
9834	9835;1.0E-4
9857	9858;1.0E-4
9862	9863;1.0E-4
9885	9886;1.0E-4
9890	9891;1.0E-4
9907	9908;6.228505E-5
9912	9913;1.0E-4
9935	9936;1.0E-4
9940	9941;1.0E-4
9958	9959;1.0E-4
9963	9964;1.0E-4
998	999;1.0E-4
9986	9987;1.0E-4
9991	9992;1.0E-4
