1001	1002;0.0
1019	1020;1.0E-4
1024	1025;1.0E-4
1047	1048;1.0E-4
1052	1053;1.0E-4
1075	1076;1.0E-4
1080	1081;1.0E-4
1098	1099;1.0E-4
1102	1103;1.4999998E-5
1125	1126;1.0E-4
1130	1131;1.0E-4
1148	1149;1.0E-4
115	116;1.0E-4
1153	1154;1.0E-4
1176	1177;1.0E-4
1181	1182;1.0E-4
1199	1200;1.0E-4
120	121;1.0E-4
1203	1204;2.7749997E-5
1226	1227;1.0E-4
1231	1232;1.0E-4
1249	1250;1.0E-4
1254	1255;1.0E-4
1277	1278;1.0E-4
1282	1283;1.0E-4
1304	1305;3.8587496E-5
1327	1328;1.0E-4
1332	1333;1.0E-4
1355	1356;1.0E-4
1360	1361;1.0E-4
1378	1379;1.0E-4
138	139;1.0E-4
1383	1384;1.0E-4
14	15;1.0E-4
1405	1406;4.779937E-5
1410	1411;7.68383E-5
1428	1429;1.0E-4
143	144;1.0E-4
1433	1434;1.0E-4
1456	1457;1.0E-4
1461	1462;1.0E-4
1479	1480;1.0E-4
1484	1485;1.0E-4
1506	1507;5.5629465E-5
1511	1512;1.0E-4
1529	1530;1.0E-4
1534	1535;1.0E-4
1557	1558;1.0E-4
1562	1563;1.0E-4
1585	1586;1.0E-4
1590	1591;1.0E-4
1607	1608;6.228505E-5
1612	1613;1.0E-4
1635	1636;1.0E-4
1640	1641;1.0E-4
1658	1659;1.0E-4
166	167;1.0E-4
1663	1664;1.0E-4
1686	1687;1.0E-4
1691	1692;1.0E-4
1708	1709;6.7942296E-5
171	172;1.0E-4
1713	1714;1.0E-4
1736	1737;1.0E-4
1741	1742;1.0E-4
1759	1760;1.0E-4
1764	1765;1.0E-4
1787	1788;1.0E-4
1792	1793;1.0E-4
1809	1810;7.275095E-5
1814	1815;1.0E-4
1837	1838;1.0E-4
1842	1843;1.0E-4
1865	1866;1.0E-4
1870	1871;1.0E-4
1888	1889;1.0E-4
189	190;1.0E-4
1893	1894;1.0E-4
1915	1916;1.0E-4
1920	1921;1.0E-4
1938	1939;1.0E-4
194	195;1.0E-4
1943	1944;1.0E-4
1966	1967;1.0E-4
1971	1972;1.0E-4
1989	1990;1.0E-4
1994	1995;1.0E-4
2006	2007;5.5629465E-5
2011	2012;1.0E-4
2029	2030;1.0E-4
2034	2035;1.0E-4
2057	2058;1.0E-4
2062	2063;1.0E-4
2085	2086;1.0E-4
2090	2091;1.0E-4
2107	2108;6.228505E-5
2112	2113;1.0E-4
2135	2136;1.0E-4
2140	2141;1.0E-4
2158	2159;1.0E-4
216	217;1.0E-4
2163	2164;1.0E-4
2186	2187;1.0E-4
2191	2192;1.0E-4
2208	2209;6.7942296E-5
221	222;1.0E-4
2213	2214;1.0E-4
2236	2237;1.0E-4
2241	2242;1.0E-4
2259	2260;1.0E-4
2264	2265;1.0E-4
2287	2288;1.0E-4
2292	2293;1.0E-4
2309	2310;7.275095E-5
2314	2315;1.0E-4
2337	2338;1.0E-4
2342	2343;1.0E-4
2365	2366;1.0E-4
2370	2371;1.0E-4
2388	2389;1.0E-4
239	240;1.0E-4
2393	2394;1.0E-4
2415	2416;1.0E-4
2420	2421;1.0E-4
2438	2439;1.0E-4
244	245;1.0E-4
2443	2444;1.0E-4
2466	2467;1.0E-4
2471	2472;1.0E-4
2489	2490;1.0E-4
2494	2495;1.0E-4
2516	2517;1.0E-4
2521	2522;1.0E-4
2539	2540;1.0E-4
2544	2545;1.0E-4
2567	2568;1.0E-4
2572	2573;1.0E-4
2595	2596;1.0E-4
2617	2618;1.0E-4
2622	2623;1.0E-4
2645	2646;1.0E-4
2650	2651;1.0E-4
2668	2669;1.0E-4
267	268;1.0E-4
2673	2674;1.0E-4
2696	2697;1.0E-4
2700	0;1.0E-4
2718	2719;1.0E-4
272	273;1.0E-4
2723	2724;1.0E-4
2746	2747;1.0E-4
2751	2752;1.0E-4
2769	2770;1.0E-4
2774	2775;1.0E-4
2797	2798;1.0E-4
2801	2802;0.0
2819	2820;1.0E-4
2824	2825;1.0E-4
2847	2848;1.0E-4
2852	2853;1.0E-4
2875	2876;1.0E-4
2880	2881;1.0E-4
2898	2899;1.0E-4
2902	2903;1.4999998E-5
2925	2926;1.0E-4
2930	2931;1.0E-4
2948	2949;1.0E-4
295	296;1.0E-4
2953	2954;1.0E-4
2976	2977;1.0E-4
2981	2982;1.0E-4
2999	3000;1.0E-4
3016	3017;1.0E-4
3021	3022;1.0E-4
3039	3040;1.0E-4
3044	3045;1.0E-4
3067	3068;1.0E-4
3072	3073;1.0E-4
3095	3096;1.0E-4
3117	3118;1.0E-4
3122	3123;1.0E-4
3145	3146;1.0E-4
3150	3151;1.0E-4
3168	3169;1.0E-4
317	318;1.0E-4
3173	3174;1.0E-4
3196	3197;1.0E-4
3200	0;1.0E-4
3218	3219;1.0E-4
322	323;1.0E-4
3223	3224;1.0E-4
3246	3247;1.0E-4
3251	3252;1.0E-4
3269	3270;1.0E-4
3274	3275;1.0E-4
3297	3298;1.0E-4
3301	3302;0.0
3319	3320;1.0E-4
3324	3325;1.0E-4
3347	3348;1.0E-4
3352	3353;1.0E-4
3375	3376;1.0E-4
3380	3381;1.0E-4
3398	3399;1.0E-4
3402	3403;1.4999998E-5
3425	3426;1.0E-4
3430	3431;1.0E-4
3448	3449;1.0E-4
345	346;1.0E-4
3453	3454;1.0E-4
3476	3477;1.0E-4
3481	3482;1.0E-4
3499	3500;1.0E-4
350	351;1.0E-4
3503	3504;2.7749997E-5
3526	3527;1.0E-4
3531	3532;1.0E-4
3549	3550;1.0E-4
3554	3555;1.0E-4
3577	3578;1.0E-4
3582	3583;1.0E-4
3604	3605;3.8587496E-5
3627	3628;1.0E-4
3632	3633;1.0E-4
3655	3656;1.0E-4
3660	3661;1.0E-4
3678	3679;1.0E-4
368	369;1.0E-4
3683	3684;1.0E-4
37	38;1.0E-4
3705	3706;4.779937E-5
3710	3711;7.68383E-5
3728	3729;1.0E-4
373	374;1.0E-4
3733	3734;1.0E-4
3756	3757;1.0E-4
3761	3762;1.0E-4
3779	3780;1.0E-4
3784	3785;1.0E-4
3806	3807;5.5629465E-5
3811	3812;1.0E-4
3829	3830;1.0E-4
3834	3835;1.0E-4
3857	3858;1.0E-4
3862	3863;1.0E-4
3885	3886;1.0E-4
3890	3891;1.0E-4
3907	3908;6.228505E-5
3912	3913;1.0E-4
3935	3936;1.0E-4
3940	3941;1.0E-4
3958	3959;1.0E-4
396	397;1.0E-4
3963	3964;1.0E-4
3986	3987;1.0E-4
3991	3992;1.0E-4
400	0;1.0E-4
4003	4004;2.7749997E-5
4026	4027;1.0E-4
4031	4032;1.0E-4
4049	4050;1.0E-4
4054	4055;1.0E-4
4077	4078;1.0E-4
4082	4083;1.0E-4
4104	4105;3.8587496E-5
4127	4128;1.0E-4
4132	4133;1.0E-4
4155	4156;1.0E-4
4160	4161;1.0E-4
4178	4179;1.0E-4
418	419;1.0E-4
4183	4184;1.0E-4
42	43;1.0E-4
4205	4206;4.779937E-5
4210	4211;7.68383E-5
4228	4229;1.0E-4
423	424;1.0E-4
4233	4234;1.0E-4
4256	4257;1.0E-4
4261	4262;1.0E-4
4279	4280;1.0E-4
4284	4285;1.0E-4
4306	4307;5.5629465E-5
4311	4312;1.0E-4
4329	4330;1.0E-4
4334	4335;1.0E-4
4357	4358;1.0E-4
4362	4363;1.0E-4
4385	4386;1.0E-4
4390	4391;1.0E-4
4407	4408;6.228505E-5
4412	4413;1.0E-4
4435	4436;1.0E-4
4440	4441;1.0E-4
4458	4459;1.0E-4
446	447;1.0E-4
4463	4464;1.0E-4
4486	4487;1.0E-4
4491	4492;1.0E-4
4508	4509;6.7942296E-5
451	452;1.0E-4
4513	4514;1.0E-4
4536	4537;1.0E-4
4541	4542;1.0E-4
4559	4560;1.0E-4
4564	4565;1.0E-4
4587	4588;1.0E-4
4592	4593;1.0E-4
4609	4610;7.275095E-5
4614	4615;1.0E-4
4637	4638;1.0E-4
4642	4643;1.0E-4
4665	4666;1.0E-4
4670	4671;1.0E-4
4688	4689;1.0E-4
469	470;1.0E-4
4693	4694;1.0E-4
4715	4716;1.0E-4
4720	4721;1.0E-4
4738	4739;1.0E-4
474	475;1.0E-4
4743	4744;1.0E-4
4766	4767;1.0E-4
4771	4772;1.0E-4
4789	4790;1.0E-4
4794	4795;1.0E-4
4816	4817;1.0E-4
4821	4822;1.0E-4
4839	4840;1.0E-4
4844	4845;1.0E-4
4867	4868;1.0E-4
4872	4873;1.0E-4
4895	4896;1.0E-4
4917	4918;1.0E-4
4922	4923;1.0E-4
4945	4946;1.0E-4
4950	4951;1.0E-4
4968	4969;1.0E-4
497	498;1.0E-4
4973	4974;1.0E-4
4996	4997;1.0E-4
5008	5009;6.7942296E-5
501	502;0.0
5013	5014;1.0E-4
5036	5037;1.0E-4
5041	5042;1.0E-4
5059	5060;1.0E-4
5064	5065;1.0E-4
5087	5088;1.0E-4
5092	5093;1.0E-4
5109	5110;7.275095E-5
5114	5115;1.0E-4
5137	5138;1.0E-4
5142	5143;1.0E-4
5165	5166;1.0E-4
5170	5171;1.0E-4
5188	5189;1.0E-4
519	520;1.0E-4
5193	5194;1.0E-4
5215	5216;1.0E-4
5220	5221;1.0E-4
5238	5239;1.0E-4
524	525;1.0E-4
5243	5244;1.0E-4
5266	5267;1.0E-4
5271	5272;1.0E-4
5289	5290;1.0E-4
5294	5295;1.0E-4
5316	5317;1.0E-4
5321	5322;1.0E-4
5339	5340;1.0E-4
5344	5345;1.0E-4
5367	5368;1.0E-4
5372	5373;1.0E-4
5395	5396;1.0E-4
5417	5418;1.0E-4
5422	5423;1.0E-4
5445	5446;1.0E-4
5450	5451;1.0E-4
5468	5469;1.0E-4
547	548;1.0E-4
5473	5474;1.0E-4
5496	5497;1.0E-4
5500	0;1.0E-4
5518	5519;1.0E-4
552	553;1.0E-4
5523	5524;1.0E-4
5546	5547;1.0E-4
5551	5552;1.0E-4
5569	5570;1.0E-4
5574	5575;1.0E-4
5597	5598;1.0E-4
5601	5602;0.0
5619	5620;1.0E-4
5624	5625;1.0E-4
5647	5648;1.0E-4
5652	5653;1.0E-4
5675	5676;1.0E-4
5680	5681;1.0E-4
5698	5699;1.0E-4
5702	5703;1.4999998E-5
5725	5726;1.0E-4
5730	5731;1.0E-4
5748	5749;1.0E-4
575	576;1.0E-4
5753	5754;1.0E-4
5776	5777;1.0E-4
5781	5782;1.0E-4
5799	5800;1.0E-4
580	581;1.0E-4
5803	5804;2.7749997E-5
5826	5827;1.0E-4
5831	5832;1.0E-4
5849	5850;1.0E-4
5854	5855;1.0E-4
5877	5878;1.0E-4
5882	5883;1.0E-4
5904	5905;3.8587496E-5
5927	5928;1.0E-4
5932	5933;1.0E-4
5955	5956;1.0E-4
5960	5961;1.0E-4
5978	5979;1.0E-4
598	599;1.0E-4
5983	5984;1.0E-4
6000	0;1.0E-4
6018	6019;1.0E-4
602	603;1.4999998E-5
6023	6024;1.0E-4
6046	6047;1.0E-4
6051	6052;1.0E-4
6069	6070;1.0E-4
6074	6075;1.0E-4
6097	6098;1.0E-4
6101	6102;0.0
6119	6120;1.0E-4
6124	6125;1.0E-4
6147	6148;1.0E-4
6152	6153;1.0E-4
6175	6176;1.0E-4
6180	6181;1.0E-4
6198	6199;1.0E-4
6202	6203;1.4999998E-5
6225	6226;1.0E-4
6230	6231;1.0E-4
6248	6249;1.0E-4
625	626;1.0E-4
6253	6254;1.0E-4
6276	6277;1.0E-4
6281	6282;1.0E-4
6299	6300;1.0E-4
630	631;1.0E-4
6303	6304;2.7749997E-5
6326	6327;1.0E-4
6331	6332;1.0E-4
6349	6350;1.0E-4
6354	6355;1.0E-4
6377	6378;1.0E-4
6382	6383;1.0E-4
6404	6405;3.8587496E-5
6427	6428;1.0E-4
6432	6433;1.0E-4
6455	6456;1.0E-4
6460	6461;1.0E-4
6478	6479;1.0E-4
648	649;1.0E-4
6483	6484;1.0E-4
65	66;1.0E-4
6505	6506;4.779937E-5
6510	6511;7.68383E-5
6528	6529;1.0E-4
653	654;1.0E-4
6533	6534;1.0E-4
6556	6557;1.0E-4
6561	6562;1.0E-4
6579	6580;1.0E-4
6584	6585;1.0E-4
6606	6607;5.5629465E-5
6611	6612;1.0E-4
6629	6630;1.0E-4
6634	6635;1.0E-4
6657	6658;1.0E-4
6662	6663;1.0E-4
6685	6686;1.0E-4
6690	6691;1.0E-4
6707	6708;6.228505E-5
6712	6713;1.0E-4
6735	6736;1.0E-4
6740	6741;1.0E-4
6758	6759;1.0E-4
676	677;1.0E-4
6763	6764;1.0E-4
6786	6787;1.0E-4
6791	6792;1.0E-4
6808	6809;6.7942296E-5
681	682;1.0E-4
6813	6814;1.0E-4
6836	6837;1.0E-4
6841	6842;1.0E-4
6859	6860;1.0E-4
6864	6865;1.0E-4
6887	6888;1.0E-4
6892	6893;1.0E-4
6909	6910;7.275095E-5
6914	6915;1.0E-4
6937	6938;1.0E-4
6942	6943;1.0E-4
6965	6966;1.0E-4
6970	6971;1.0E-4
6988	6989;1.0E-4
699	700;1.0E-4
6993	6994;1.0E-4
70	71;1.0E-4
7005	7006;4.779937E-5
7010	7011;7.68383E-5
7028	7029;1.0E-4
703	704;2.7749997E-5
7033	7034;1.0E-4
7056	7057;1.0E-4
7061	7062;1.0E-4
7079	7080;1.0E-4
7084	7085;1.0E-4
7106	7107;5.5629465E-5
7111	7112;1.0E-4
7129	7130;1.0E-4
7134	7135;1.0E-4
7157	7158;1.0E-4
7162	7163;1.0E-4
7185	7186;1.0E-4
7190	7191;1.0E-4
7207	7208;6.228505E-5
7212	7213;1.0E-4
7235	7236;1.0E-4
7240	7241;1.0E-4
7258	7259;1.0E-4
726	727;1.0E-4
7263	7264;1.0E-4
7286	7287;1.0E-4
7291	7292;1.0E-4
7308	7309;6.7942296E-5
731	732;1.0E-4
7313	7314;1.0E-4
7336	7337;1.0E-4
7341	7342;1.0E-4
7359	7360;1.0E-4
7364	7365;1.0E-4
7387	7388;1.0E-4
7392	7393;1.0E-4
7409	7410;7.275095E-5
7414	7415;1.0E-4
7437	7438;1.0E-4
7442	7443;1.0E-4
7465	7466;1.0E-4
7470	7471;1.0E-4
7488	7489;1.0E-4
749	750;1.0E-4
7493	7494;1.0E-4
7515	7516;1.0E-4
7520	7521;1.0E-4
7538	7539;1.0E-4
754	755;1.0E-4
7543	7544;1.0E-4
7566	7567;1.0E-4
7571	7572;1.0E-4
7589	7590;1.0E-4
7594	7595;1.0E-4
7616	7617;1.0E-4
7621	7622;1.0E-4
7639	7640;1.0E-4
7644	7645;1.0E-4
7667	7668;1.0E-4
7672	7673;1.0E-4
7695	7696;1.0E-4
7717	7718;1.0E-4
7722	7723;1.0E-4
7745	7746;1.0E-4
7750	7751;1.0E-4
7768	7769;1.0E-4
777	778;1.0E-4
7773	7774;1.0E-4
7796	7797;1.0E-4
7800	0;1.0E-4
7818	7819;1.0E-4
782	783;1.0E-4
7823	7824;1.0E-4
7846	7847;1.0E-4
7851	7852;1.0E-4
7869	7870;1.0E-4
7874	7875;1.0E-4
7897	7898;1.0E-4
7901	7902;0.0
7919	7920;1.0E-4
7924	7925;1.0E-4
7947	7948;1.0E-4
7952	7953;1.0E-4
7975	7976;1.0E-4
7980	7981;1.0E-4
7998	7999;1.0E-4
8015	8016;1.0E-4
8020	8021;1.0E-4
8038	8039;1.0E-4
804	805;3.8587496E-5
8043	8044;1.0E-4
8066	8067;1.0E-4
8071	8072;1.0E-4
8089	8090;1.0E-4
8094	8095;1.0E-4
8116	8117;1.0E-4
8121	8122;1.0E-4
8139	8140;1.0E-4
8144	8145;1.0E-4
8167	8168;1.0E-4
8172	8173;1.0E-4
8195	8196;1.0E-4
8217	8218;1.0E-4
8222	8223;1.0E-4
8245	8246;1.0E-4
8250	8251;1.0E-4
8268	8269;1.0E-4
827	828;1.0E-4
8273	8274;1.0E-4
8296	8297;1.0E-4
8300	0;1.0E-4
8318	8319;1.0E-4
832	833;1.0E-4
8323	8324;1.0E-4
8346	8347;1.0E-4
8351	8352;1.0E-4
8369	8370;1.0E-4
8374	8375;1.0E-4
8397	8398;1.0E-4
8401	8402;0.0
8419	8420;1.0E-4
8424	8425;1.0E-4
8447	8448;1.0E-4
8452	8453;1.0E-4
8475	8476;1.0E-4
8480	8481;1.0E-4
8498	8499;1.0E-4
8502	8503;1.4999998E-5
8525	8526;1.0E-4
8530	8531;1.0E-4
8548	8549;1.0E-4
855	856;1.0E-4
8553	8554;1.0E-4
8576	8577;1.0E-4
8581	8582;1.0E-4
8599	8600;1.0E-4
860	861;1.0E-4
8603	8604;2.7749997E-5
8626	8627;1.0E-4
8631	8632;1.0E-4
8649	8650;1.0E-4
8654	8655;1.0E-4
8677	8678;1.0E-4
8682	8683;1.0E-4
8704	8705;3.8587496E-5
8727	8728;1.0E-4
8732	8733;1.0E-4
8755	8756;1.0E-4
8760	8761;1.0E-4
8778	8779;1.0E-4
878	879;1.0E-4
8783	8784;1.0E-4
88	89;1.0E-4
8805	8806;4.779937E-5
8810	8811;7.68383E-5
8828	8829;1.0E-4
883	884;1.0E-4
8833	8834;1.0E-4
8856	8857;1.0E-4
8861	8862;1.0E-4
8879	8880;1.0E-4
8884	8885;1.0E-4
8906	8907;5.5629465E-5
8911	8912;1.0E-4
8929	8930;1.0E-4
8934	8935;1.0E-4
8957	8958;1.0E-4
8962	8963;1.0E-4
8985	8986;1.0E-4
8990	8991;1.0E-4
9	10;7.275095E-5
9002	9003;1.4999998E-5
9025	9026;1.0E-4
9030	9031;1.0E-4
9048	9049;1.0E-4
905	906;4.779937E-5
9053	9054;1.0E-4
9076	9077;1.0E-4
9081	9082;1.0E-4
9099	9100;1.0E-4
910	911;7.68383E-5
9103	9104;2.7749997E-5
9126	9127;1.0E-4
9131	9132;1.0E-4
9149	9150;1.0E-4
9154	9155;1.0E-4
9177	9178;1.0E-4
9182	9183;1.0E-4
9204	9205;3.8587496E-5
9227	9228;1.0E-4
9232	9233;1.0E-4
9255	9256;1.0E-4
9260	9261;1.0E-4
9278	9279;1.0E-4
928	929;1.0E-4
9283	9284;1.0E-4
93	94;1.0E-4
9305	9306;4.779937E-5
9310	9311;7.68383E-5
9328	9329;1.0E-4
933	934;1.0E-4
9333	9334;1.0E-4
9356	9357;1.0E-4
9361	9362;1.0E-4
9379	9380;1.0E-4
9384	9385;1.0E-4
9406	9407;5.5629465E-5
9411	9412;1.0E-4
9429	9430;1.0E-4
9434	9435;1.0E-4
9457	9458;1.0E-4
9462	9463;1.0E-4
9485	9486;1.0E-4
9490	9491;1.0E-4
9507	9508;6.228505E-5
9512	9513;1.0E-4
9535	9536;1.0E-4
9540	9541;1.0E-4
9558	9559;1.0E-4
956	957;1.0E-4
9563	9564;1.0E-4
9586	9587;1.0E-4
9591	9592;1.0E-4
9608	9609;6.7942296E-5
961	962;1.0E-4
9613	9614;1.0E-4
9636	9637;1.0E-4
9641	9642;1.0E-4
9659	9660;1.0E-4
9664	9665;1.0E-4
9687	9688;1.0E-4
9692	9693;1.0E-4
9709	9710;7.275095E-5
9714	9715;1.0E-4
9737	9738;1.0E-4
9742	9743;1.0E-4
9765	9766;1.0E-4
9770	9771;1.0E-4
9788	9789;1.0E-4
979	980;1.0E-4
9793	9794;1.0E-4
9815	9816;1.0E-4
9820	9821;1.0E-4
9838	9839;1.0E-4
984	985;1.0E-4
9843	9844;1.0E-4
9866	9867;1.0E-4
9871	9872;1.0E-4
9889	9890;1.0E-4
9894	9895;1.0E-4
9916	9917;1.0E-4
9921	9922;1.0E-4
9939	9940;1.0E-4
9944	9945;1.0E-4
9967	9968;1.0E-4
9972	9973;1.0E-4
9995	9996;1.0E-4
