1007	1008;6.228505E-5
1012	1013;1.0E-4
103	104;2.7749997E-5
1035	1036;1.0E-4
1040	1041;1.0E-4
1058	1059;1.0E-4
1063	1064;1.0E-4
1086	1087;1.0E-4
1091	1092;1.0E-4
1108	1109;6.7942296E-5
1113	1114;1.0E-4
1136	1137;1.0E-4
1141	1142;1.0E-4
1159	1160;1.0E-4
1164	1165;1.0E-4
1187	1188;1.0E-4
1192	1193;1.0E-4
1209	1210;7.275095E-5
1214	1215;1.0E-4
1237	1238;1.0E-4
1242	1243;1.0E-4
126	127;1.0E-4
1265	1266;1.0E-4
1270	1271;1.0E-4
1288	1289;1.0E-4
1293	1294;1.0E-4
131	132;1.0E-4
1315	1316;1.0E-4
1320	1321;1.0E-4
1338	1339;1.0E-4
1343	1344;1.0E-4
1366	1367;1.0E-4
1371	1372;1.0E-4
1389	1390;1.0E-4
1394	1395;1.0E-4
1416	1417;1.0E-4
1421	1422;1.0E-4
1439	1440;1.0E-4
1444	1445;1.0E-4
1467	1468;1.0E-4
1472	1473;1.0E-4
149	150;1.0E-4
1495	1496;1.0E-4
1517	1518;1.0E-4
1522	1523;1.0E-4
154	155;1.0E-4
1545	1546;1.0E-4
1550	1551;1.0E-4
1568	1569;1.0E-4
1573	1574;1.0E-4
1596	1597;1.0E-4
1600	0;1.0E-4
1618	1619;1.0E-4
1623	1624;1.0E-4
1646	1647;1.0E-4
1651	1652;1.0E-4
1669	1670;1.0E-4
1674	1675;1.0E-4
1697	1698;1.0E-4
1701	1702;0.0
1719	1720;1.0E-4
1724	1725;1.0E-4
1747	1748;1.0E-4
1752	1753;1.0E-4
177	178;1.0E-4
1775	1776;1.0E-4
1780	1781;1.0E-4
1798	1799;1.0E-4
1802	1803;1.4999998E-5
182	183;1.0E-4
1825	1826;1.0E-4
1830	1831;1.0E-4
1848	1849;1.0E-4
1853	1854;1.0E-4
1876	1877;1.0E-4
1881	1882;1.0E-4
1899	1900;1.0E-4
1903	1904;2.7749997E-5
1926	1927;1.0E-4
1931	1932;1.0E-4
1949	1950;1.0E-4
1954	1955;1.0E-4
1977	1978;1.0E-4
1982	1983;1.0E-4
2	3;1.4999998E-5
2017	2018;1.0E-4
2022	2023;1.0E-4
204	205;3.8587496E-5
2045	2046;1.0E-4
2050	2051;1.0E-4
2068	2069;1.0E-4
2073	2074;1.0E-4
2096	2097;1.0E-4
2100	0;1.0E-4
2118	2119;1.0E-4
2123	2124;1.0E-4
2146	2147;1.0E-4
2151	2152;1.0E-4
2169	2170;1.0E-4
2174	2175;1.0E-4
2197	2198;1.0E-4
2201	2202;0.0
2219	2220;1.0E-4
2224	2225;1.0E-4
2247	2248;1.0E-4
2252	2253;1.0E-4
227	228;1.0E-4
2275	2276;1.0E-4
2280	2281;1.0E-4
2298	2299;1.0E-4
2302	2303;1.4999998E-5
232	233;1.0E-4
2325	2326;1.0E-4
2330	2331;1.0E-4
2348	2349;1.0E-4
2353	2354;1.0E-4
2376	2377;1.0E-4
2381	2382;1.0E-4
2399	2400;1.0E-4
2403	2404;2.7749997E-5
2426	2427;1.0E-4
2431	2432;1.0E-4
2449	2450;1.0E-4
2454	2455;1.0E-4
2477	2478;1.0E-4
2482	2483;1.0E-4
25	26;1.0E-4
2504	2505;3.8587496E-5
2527	2528;1.0E-4
2532	2533;1.0E-4
255	256;1.0E-4
2555	2556;1.0E-4
2560	2561;1.0E-4
2578	2579;1.0E-4
2583	2584;1.0E-4
260	261;1.0E-4
2605	2606;4.779937E-5
2610	2611;7.68383E-5
2628	2629;1.0E-4
2633	2634;1.0E-4
2656	2657;1.0E-4
2661	2662;1.0E-4
2679	2680;1.0E-4
2684	2685;1.0E-4
2706	2707;5.5629465E-5
2711	2712;1.0E-4
2729	2730;1.0E-4
2734	2735;1.0E-4
2757	2758;1.0E-4
2762	2763;1.0E-4
278	279;1.0E-4
2785	2786;1.0E-4
2790	2791;1.0E-4
2807	2808;6.228505E-5
2812	2813;1.0E-4
283	284;1.0E-4
2835	2836;1.0E-4
2840	2841;1.0E-4
2858	2859;1.0E-4
2863	2864;1.0E-4
2886	2887;1.0E-4
2891	2892;1.0E-4
2908	2909;6.7942296E-5
2913	2914;1.0E-4
2936	2937;1.0E-4
2941	2942;1.0E-4
2959	2960;1.0E-4
2964	2965;1.0E-4
2987	2988;1.0E-4
2992	2993;1.0E-4
30	31;1.0E-4
3004	3005;3.8587496E-5
3027	3028;1.0E-4
3032	3033;1.0E-4
305	306;4.779937E-5
3055	3056;1.0E-4
3060	3061;1.0E-4
3078	3079;1.0E-4
3083	3084;1.0E-4
310	311;7.68383E-5
3105	3106;4.779937E-5
3110	3111;7.68383E-5
3128	3129;1.0E-4
3133	3134;1.0E-4
3156	3157;1.0E-4
3161	3162;1.0E-4
3179	3180;1.0E-4
3184	3185;1.0E-4
3206	3207;5.5629465E-5
3211	3212;1.0E-4
3229	3230;1.0E-4
3234	3235;1.0E-4
3257	3258;1.0E-4
3262	3263;1.0E-4
328	329;1.0E-4
3285	3286;1.0E-4
3290	3291;1.0E-4
3307	3308;6.228505E-5
3312	3313;1.0E-4
333	334;1.0E-4
3335	3336;1.0E-4
3340	3341;1.0E-4
3358	3359;1.0E-4
3363	3364;1.0E-4
3386	3387;1.0E-4
3391	3392;1.0E-4
3408	3409;6.7942296E-5
3413	3414;1.0E-4
3436	3437;1.0E-4
3441	3442;1.0E-4
3459	3460;1.0E-4
3464	3465;1.0E-4
3487	3488;1.0E-4
3492	3493;1.0E-4
3509	3510;7.275095E-5
3514	3515;1.0E-4
3537	3538;1.0E-4
3542	3543;1.0E-4
356	357;1.0E-4
3565	3566;1.0E-4
3570	3571;1.0E-4
3588	3589;1.0E-4
3593	3594;1.0E-4
361	362;1.0E-4
3615	3616;1.0E-4
3620	3621;1.0E-4
3638	3639;1.0E-4
3643	3644;1.0E-4
3666	3667;1.0E-4
3671	3672;1.0E-4
3689	3690;1.0E-4
3694	3695;1.0E-4
3716	3717;1.0E-4
3721	3722;1.0E-4
3739	3740;1.0E-4
3744	3745;1.0E-4
3767	3768;1.0E-4
3772	3773;1.0E-4
379	380;1.0E-4
3795	3796;1.0E-4
3817	3818;1.0E-4
3822	3823;1.0E-4
384	385;1.0E-4
3845	3846;1.0E-4
3850	3851;1.0E-4
3868	3869;1.0E-4
3873	3874;1.0E-4
3896	3897;1.0E-4
3900	0;1.0E-4
3918	3919;1.0E-4
3923	3924;1.0E-4
3946	3947;1.0E-4
3951	3952;1.0E-4
3969	3970;1.0E-4
3974	3975;1.0E-4
3997	3998;1.0E-4
4009	4010;7.275095E-5
4014	4015;1.0E-4
4037	4038;1.0E-4
4042	4043;1.0E-4
406	407;5.5629465E-5
4065	4066;1.0E-4
4070	4071;1.0E-4
4088	4089;1.0E-4
4093	4094;1.0E-4
411	412;1.0E-4
4115	4116;1.0E-4
4120	4121;1.0E-4
4138	4139;1.0E-4
4143	4144;1.0E-4
4166	4167;1.0E-4
4171	4172;1.0E-4
4189	4190;1.0E-4
4194	4195;1.0E-4
4216	4217;1.0E-4
4221	4222;1.0E-4
4239	4240;1.0E-4
4244	4245;1.0E-4
4267	4268;1.0E-4
4272	4273;1.0E-4
429	430;1.0E-4
4295	4296;1.0E-4
4317	4318;1.0E-4
4322	4323;1.0E-4
434	435;1.0E-4
4345	4346;1.0E-4
4350	4351;1.0E-4
4368	4369;1.0E-4
4373	4374;1.0E-4
4396	4397;1.0E-4
4400	0;1.0E-4
4418	4419;1.0E-4
4423	4424;1.0E-4
4446	4447;1.0E-4
4451	4452;1.0E-4
4469	4470;1.0E-4
4474	4475;1.0E-4
4497	4498;1.0E-4
4501	4502;0.0
4519	4520;1.0E-4
4524	4525;1.0E-4
4547	4548;1.0E-4
4552	4553;1.0E-4
457	458;1.0E-4
4575	4576;1.0E-4
4580	4581;1.0E-4
4598	4599;1.0E-4
4602	4603;1.4999998E-5
462	463;1.0E-4
4625	4626;1.0E-4
4630	4631;1.0E-4
4648	4649;1.0E-4
4653	4654;1.0E-4
4676	4677;1.0E-4
4681	4682;1.0E-4
4699	4700;1.0E-4
4703	4704;2.7749997E-5
4726	4727;1.0E-4
4731	4732;1.0E-4
4749	4750;1.0E-4
4754	4755;1.0E-4
4777	4778;1.0E-4
4782	4783;1.0E-4
48	49;1.0E-4
4804	4805;3.8587496E-5
4827	4828;1.0E-4
4832	4833;1.0E-4
485	486;1.0E-4
4855	4856;1.0E-4
4860	4861;1.0E-4
4878	4879;1.0E-4
4883	4884;1.0E-4
490	491;1.0E-4
4905	4906;4.779937E-5
4910	4911;7.68383E-5
4928	4929;1.0E-4
4933	4934;1.0E-4
4956	4957;1.0E-4
4961	4962;1.0E-4
4979	4980;1.0E-4
4984	4985;1.0E-4
5001	5002;0.0
5019	5020;1.0E-4
5024	5025;1.0E-4
5047	5048;1.0E-4
5052	5053;1.0E-4
507	508;6.228505E-5
5075	5076;1.0E-4
5080	5081;1.0E-4
5098	5099;1.0E-4
5102	5103;1.4999998E-5
512	513;1.0E-4
5125	5126;1.0E-4
5130	5131;1.0E-4
5148	5149;1.0E-4
5153	5154;1.0E-4
5176	5177;1.0E-4
5181	5182;1.0E-4
5199	5200;1.0E-4
5203	5204;2.7749997E-5
5226	5227;1.0E-4
5231	5232;1.0E-4
5249	5250;1.0E-4
5254	5255;1.0E-4
5277	5278;1.0E-4
5282	5283;1.0E-4
53	54;1.0E-4
5304	5305;3.8587496E-5
5327	5328;1.0E-4
5332	5333;1.0E-4
535	536;1.0E-4
5355	5356;1.0E-4
5360	5361;1.0E-4
5378	5379;1.0E-4
5383	5384;1.0E-4
540	541;1.0E-4
5405	5406;4.779937E-5
5410	5411;7.68383E-5
5428	5429;1.0E-4
5433	5434;1.0E-4
5456	5457;1.0E-4
5461	5462;1.0E-4
5479	5480;1.0E-4
5484	5485;1.0E-4
5506	5507;5.5629465E-5
5511	5512;1.0E-4
5529	5530;1.0E-4
5534	5535;1.0E-4
5557	5558;1.0E-4
5562	5563;1.0E-4
558	559;1.0E-4
5585	5586;1.0E-4
5590	5591;1.0E-4
5607	5608;6.228505E-5
5612	5613;1.0E-4
563	564;1.0E-4
5635	5636;1.0E-4
5640	5641;1.0E-4
5658	5659;1.0E-4
5663	5664;1.0E-4
5686	5687;1.0E-4
5691	5692;1.0E-4
5708	5709;6.7942296E-5
5713	5714;1.0E-4
5736	5737;1.0E-4
5741	5742;1.0E-4
5759	5760;1.0E-4
5764	5765;1.0E-4
5787	5788;1.0E-4
5792	5793;1.0E-4
5809	5810;7.275095E-5
5814	5815;1.0E-4
5837	5838;1.0E-4
5842	5843;1.0E-4
586	587;1.0E-4
5865	5866;1.0E-4
5870	5871;1.0E-4
5888	5889;1.0E-4
5893	5894;1.0E-4
591	592;1.0E-4
5915	5916;1.0E-4
5920	5921;1.0E-4
5938	5939;1.0E-4
5943	5944;1.0E-4
5966	5967;1.0E-4
5971	5972;1.0E-4
5989	5990;1.0E-4
5994	5995;1.0E-4
6006	6007;5.5629465E-5
6011	6012;1.0E-4
6029	6030;1.0E-4
6034	6035;1.0E-4
6057	6058;1.0E-4
6062	6063;1.0E-4
608	609;6.7942296E-5
6085	6086;1.0E-4
6090	6091;1.0E-4
6107	6108;6.228505E-5
6112	6113;1.0E-4
613	614;1.0E-4
6135	6136;1.0E-4
6140	6141;1.0E-4
6158	6159;1.0E-4
6163	6164;1.0E-4
6186	6187;1.0E-4
6191	6192;1.0E-4
6208	6209;6.7942296E-5
6213	6214;1.0E-4
6236	6237;1.0E-4
6241	6242;1.0E-4
6259	6260;1.0E-4
6264	6265;1.0E-4
6287	6288;1.0E-4
6292	6293;1.0E-4
6309	6310;7.275095E-5
6314	6315;1.0E-4
6337	6338;1.0E-4
6342	6343;1.0E-4
636	637;1.0E-4
6365	6366;1.0E-4
6370	6371;1.0E-4
6388	6389;1.0E-4
6393	6394;1.0E-4
641	642;1.0E-4
6415	6416;1.0E-4
6420	6421;1.0E-4
6438	6439;1.0E-4
6443	6444;1.0E-4
6466	6467;1.0E-4
6471	6472;1.0E-4
6489	6490;1.0E-4
6494	6495;1.0E-4
6516	6517;1.0E-4
6521	6522;1.0E-4
6539	6540;1.0E-4
6544	6545;1.0E-4
6567	6568;1.0E-4
6572	6573;1.0E-4
659	660;1.0E-4
6595	6596;1.0E-4
6617	6618;1.0E-4
6622	6623;1.0E-4
664	665;1.0E-4
6645	6646;1.0E-4
6650	6651;1.0E-4
6668	6669;1.0E-4
6673	6674;1.0E-4
6696	6697;1.0E-4
6700	0;1.0E-4
6718	6719;1.0E-4
6723	6724;1.0E-4
6746	6747;1.0E-4
6751	6752;1.0E-4
6769	6770;1.0E-4
6774	6775;1.0E-4
6797	6798;1.0E-4
6801	6802;0.0
6819	6820;1.0E-4
6824	6825;1.0E-4
6847	6848;1.0E-4
6852	6853;1.0E-4
687	688;1.0E-4
6875	6876;1.0E-4
6880	6881;1.0E-4
6898	6899;1.0E-4
6902	6903;1.4999998E-5
692	693;1.0E-4
6925	6926;1.0E-4
6930	6931;1.0E-4
6948	6949;1.0E-4
6953	6954;1.0E-4
6976	6977;1.0E-4
6981	6982;1.0E-4
6999	7000;1.0E-4
7016	7017;1.0E-4
7021	7022;1.0E-4
7039	7040;1.0E-4
7044	7045;1.0E-4
7067	7068;1.0E-4
7072	7073;1.0E-4
709	710;7.275095E-5
7095	7096;1.0E-4
7117	7118;1.0E-4
7122	7123;1.0E-4
714	715;1.0E-4
7145	7146;1.0E-4
7150	7151;1.0E-4
7168	7169;1.0E-4
7173	7174;1.0E-4
7196	7197;1.0E-4
7200	0;1.0E-4
7218	7219;1.0E-4
7223	7224;1.0E-4
7246	7247;1.0E-4
7251	7252;1.0E-4
7269	7270;1.0E-4
7274	7275;1.0E-4
7297	7298;1.0E-4
7301	7302;0.0
7319	7320;1.0E-4
7324	7325;1.0E-4
7347	7348;1.0E-4
7352	7353;1.0E-4
737	738;1.0E-4
7375	7376;1.0E-4
7380	7381;1.0E-4
7398	7399;1.0E-4
7402	7403;1.4999998E-5
742	743;1.0E-4
7425	7426;1.0E-4
7430	7431;1.0E-4
7448	7449;1.0E-4
7453	7454;1.0E-4
7476	7477;1.0E-4
7481	7482;1.0E-4
7499	7500;1.0E-4
7503	7504;2.7749997E-5
7526	7527;1.0E-4
7531	7532;1.0E-4
7549	7550;1.0E-4
7554	7555;1.0E-4
7577	7578;1.0E-4
7582	7583;1.0E-4
76	77;1.0E-4
7604	7605;3.8587496E-5
7627	7628;1.0E-4
7632	7633;1.0E-4
765	766;1.0E-4
7655	7656;1.0E-4
7660	7661;1.0E-4
7678	7679;1.0E-4
7683	7684;1.0E-4
770	771;1.0E-4
7705	7706;4.779937E-5
7710	7711;7.68383E-5
7728	7729;1.0E-4
7733	7734;1.0E-4
7756	7757;1.0E-4
7761	7762;1.0E-4
7779	7780;1.0E-4
7784	7785;1.0E-4
7806	7807;5.5629465E-5
7811	7812;1.0E-4
7829	7830;1.0E-4
7834	7835;1.0E-4
7857	7858;1.0E-4
7862	7863;1.0E-4
788	789;1.0E-4
7885	7886;1.0E-4
7890	7891;1.0E-4
7907	7908;6.228505E-5
7912	7913;1.0E-4
793	794;1.0E-4
7935	7936;1.0E-4
7940	7941;1.0E-4
7958	7959;1.0E-4
7963	7964;1.0E-4
7986	7987;1.0E-4
7991	7992;1.0E-4
8003	8004;2.7749997E-5
8026	8027;1.0E-4
8031	8032;1.0E-4
8049	8050;1.0E-4
8054	8055;1.0E-4
8077	8078;1.0E-4
8082	8083;1.0E-4
81	82;1.0E-4
8104	8105;3.8587496E-5
8127	8128;1.0E-4
8132	8133;1.0E-4
815	816;1.0E-4
8155	8156;1.0E-4
8160	8161;1.0E-4
8178	8179;1.0E-4
8183	8184;1.0E-4
820	821;1.0E-4
8205	8206;4.779937E-5
8210	8211;7.68383E-5
8228	8229;1.0E-4
8233	8234;1.0E-4
8256	8257;1.0E-4
8261	8262;1.0E-4
8279	8280;1.0E-4
8284	8285;1.0E-4
8306	8307;5.5629465E-5
8311	8312;1.0E-4
8329	8330;1.0E-4
8334	8335;1.0E-4
8357	8358;1.0E-4
8362	8363;1.0E-4
838	839;1.0E-4
8385	8386;1.0E-4
8390	8391;1.0E-4
8407	8408;6.228505E-5
8412	8413;1.0E-4
843	844;1.0E-4
8435	8436;1.0E-4
8440	8441;1.0E-4
8458	8459;1.0E-4
8463	8464;1.0E-4
8486	8487;1.0E-4
8491	8492;1.0E-4
8508	8509;6.7942296E-5
8513	8514;1.0E-4
8536	8537;1.0E-4
8541	8542;1.0E-4
8559	8560;1.0E-4
8564	8565;1.0E-4
8587	8588;1.0E-4
8592	8593;1.0E-4
8609	8610;7.275095E-5
8614	8615;1.0E-4
8637	8638;1.0E-4
8642	8643;1.0E-4
866	867;1.0E-4
8665	8666;1.0E-4
8670	8671;1.0E-4
8688	8689;1.0E-4
8693	8694;1.0E-4
871	872;1.0E-4
8715	8716;1.0E-4
8720	8721;1.0E-4
8738	8739;1.0E-4
8743	8744;1.0E-4
8766	8767;1.0E-4
8771	8772;1.0E-4
8789	8790;1.0E-4
8794	8795;1.0E-4
8816	8817;1.0E-4
8821	8822;1.0E-4
8839	8840;1.0E-4
8844	8845;1.0E-4
8867	8868;1.0E-4
8872	8873;1.0E-4
889	890;1.0E-4
8895	8896;1.0E-4
8917	8918;1.0E-4
8922	8923;1.0E-4
894	895;1.0E-4
8945	8946;1.0E-4
8950	8951;1.0E-4
8968	8969;1.0E-4
8973	8974;1.0E-4
8996	8997;1.0E-4
9008	9009;6.7942296E-5
9013	9014;1.0E-4
9036	9037;1.0E-4
9041	9042;1.0E-4
9059	9060;1.0E-4
9064	9065;1.0E-4
9087	9088;1.0E-4
9092	9093;1.0E-4
9109	9110;7.275095E-5
9114	9115;1.0E-4
9137	9138;1.0E-4
9142	9143;1.0E-4
916	917;1.0E-4
9165	9166;1.0E-4
9170	9171;1.0E-4
9188	9189;1.0E-4
9193	9194;1.0E-4
921	922;1.0E-4
9215	9216;1.0E-4
9220	9221;1.0E-4
9238	9239;1.0E-4
9243	9244;1.0E-4
9266	9267;1.0E-4
9271	9272;1.0E-4
9289	9290;1.0E-4
9294	9295;1.0E-4
9316	9317;1.0E-4
9321	9322;1.0E-4
9339	9340;1.0E-4
9344	9345;1.0E-4
9367	9368;1.0E-4
9372	9373;1.0E-4
939	940;1.0E-4
9395	9396;1.0E-4
9417	9418;1.0E-4
9422	9423;1.0E-4
944	945;1.0E-4
9445	9446;1.0E-4
9450	9451;1.0E-4
9468	9469;1.0E-4
9473	9474;1.0E-4
9496	9497;1.0E-4
9500	0;1.0E-4
9518	9519;1.0E-4
9523	9524;1.0E-4
9546	9547;1.0E-4
9551	9552;1.0E-4
9569	9570;1.0E-4
9574	9575;1.0E-4
9597	9598;1.0E-4
9601	9602;0.0
9619	9620;1.0E-4
9624	9625;1.0E-4
9647	9648;1.0E-4
9652	9653;1.0E-4
967	968;1.0E-4
9675	9676;1.0E-4
9680	9681;1.0E-4
9698	9699;1.0E-4
9702	9703;1.4999998E-5
972	973;1.0E-4
9725	9726;1.0E-4
9730	9731;1.0E-4
9748	9749;1.0E-4
9753	9754;1.0E-4
9776	9777;1.0E-4
9781	9782;1.0E-4
9799	9800;1.0E-4
9803	9804;2.7749997E-5
9826	9827;1.0E-4
9831	9832;1.0E-4
9849	9850;1.0E-4
9854	9855;1.0E-4
9877	9878;1.0E-4
9882	9883;1.0E-4
99	100;1.0E-4
9904	9905;3.8587496E-5
9927	9928;1.0E-4
9932	9933;1.0E-4
995	996;1.0E-4
9955	9956;1.0E-4
9960	9961;1.0E-4
9978	9979;1.0E-4
9983	9984;1.0E-4
