1016	1017;1.0E-4
1021	1022;1.0E-4
1039	1040;1.0E-4
1044	1045;1.0E-4
1067	1068;1.0E-4
107	108;6.228505E-5
1072	1073;1.0E-4
1095	1096;1.0E-4
11	12;1.0E-4
1117	1118;1.0E-4
112	113;1.0E-4
1122	1123;1.0E-4
1145	1146;1.0E-4
1150	1151;1.0E-4
1168	1169;1.0E-4
1173	1174;1.0E-4
1196	1197;1.0E-4
1200	0;1.0E-4
1218	1219;1.0E-4
1223	1224;1.0E-4
1246	1247;1.0E-4
1251	1252;1.0E-4
1269	1270;1.0E-4
1274	1275;1.0E-4
1297	1298;1.0E-4
1301	1302;0.0
1319	1320;1.0E-4
1324	1325;1.0E-4
1347	1348;1.0E-4
135	136;1.0E-4
1352	1353;1.0E-4
1375	1376;1.0E-4
1380	1381;1.0E-4
1398	1399;1.0E-4
140	141;1.0E-4
1402	1403;1.4999998E-5
1425	1426;1.0E-4
1430	1431;1.0E-4
1448	1449;1.0E-4
1453	1454;1.0E-4
1476	1477;1.0E-4
1481	1482;1.0E-4
1499	1500;1.0E-4
1503	1504;2.7749997E-5
1526	1527;1.0E-4
1531	1532;1.0E-4
1549	1550;1.0E-4
1554	1555;1.0E-4
1577	1578;1.0E-4
158	159;1.0E-4
1582	1583;1.0E-4
1604	1605;3.8587496E-5
1627	1628;1.0E-4
163	164;1.0E-4
1632	1633;1.0E-4
1655	1656;1.0E-4
1660	1661;1.0E-4
1678	1679;1.0E-4
1683	1684;1.0E-4
1705	1706;4.779937E-5
1710	1711;7.68383E-5
1728	1729;1.0E-4
1733	1734;1.0E-4
1756	1757;1.0E-4
1761	1762;1.0E-4
1779	1780;1.0E-4
1784	1785;1.0E-4
1806	1807;5.5629465E-5
1811	1812;1.0E-4
1829	1830;1.0E-4
1834	1835;1.0E-4
1857	1858;1.0E-4
186	187;1.0E-4
1862	1863;1.0E-4
1885	1886;1.0E-4
1890	1891;1.0E-4
1907	1908;6.228505E-5
191	192;1.0E-4
1912	1913;1.0E-4
1935	1936;1.0E-4
1940	1941;1.0E-4
1958	1959;1.0E-4
1963	1964;1.0E-4
1986	1987;1.0E-4
1991	1992;1.0E-4
2003	2004;2.7749997E-5
2026	2027;1.0E-4
2031	2032;1.0E-4
2049	2050;1.0E-4
2054	2055;1.0E-4
2077	2078;1.0E-4
208	209;6.7942296E-5
2082	2083;1.0E-4
2104	2105;3.8587496E-5
2127	2128;1.0E-4
213	214;1.0E-4
2132	2133;1.0E-4
2155	2156;1.0E-4
2160	2161;1.0E-4
2178	2179;1.0E-4
2183	2184;1.0E-4
2205	2206;4.779937E-5
2210	2211;7.68383E-5
2228	2229;1.0E-4
2233	2234;1.0E-4
2256	2257;1.0E-4
2261	2262;1.0E-4
2279	2280;1.0E-4
2284	2285;1.0E-4
2306	2307;5.5629465E-5
2311	2312;1.0E-4
2329	2330;1.0E-4
2334	2335;1.0E-4
2357	2358;1.0E-4
236	237;1.0E-4
2362	2363;1.0E-4
2385	2386;1.0E-4
2390	2391;1.0E-4
2407	2408;6.228505E-5
241	242;1.0E-4
2412	2413;1.0E-4
2435	2436;1.0E-4
2440	2441;1.0E-4
2458	2459;1.0E-4
2463	2464;1.0E-4
2486	2487;1.0E-4
2491	2492;1.0E-4
2508	2509;6.7942296E-5
2513	2514;1.0E-4
2536	2537;1.0E-4
2541	2542;1.0E-4
2559	2560;1.0E-4
2564	2565;1.0E-4
2587	2588;1.0E-4
259	260;1.0E-4
2592	2593;1.0E-4
2609	2610;7.275095E-5
2614	2615;1.0E-4
2637	2638;1.0E-4
264	265;1.0E-4
2642	2643;1.0E-4
2665	2666;1.0E-4
2670	2671;1.0E-4
2688	2689;1.0E-4
2693	2694;1.0E-4
2715	2716;1.0E-4
2720	2721;1.0E-4
2738	2739;1.0E-4
2743	2744;1.0E-4
2766	2767;1.0E-4
2771	2772;1.0E-4
2789	2790;1.0E-4
2794	2795;1.0E-4
2816	2817;1.0E-4
2821	2822;1.0E-4
2839	2840;1.0E-4
2844	2845;1.0E-4
2867	2868;1.0E-4
287	288;1.0E-4
2872	2873;1.0E-4
2895	2896;1.0E-4
29	30;1.0E-4
2917	2918;1.0E-4
292	293;1.0E-4
2922	2923;1.0E-4
2945	2946;1.0E-4
2950	2951;1.0E-4
2968	2969;1.0E-4
2973	2974;1.0E-4
2996	2997;1.0E-4
3008	3009;6.7942296E-5
3013	3014;1.0E-4
3036	3037;1.0E-4
3041	3042;1.0E-4
3059	3060;1.0E-4
3064	3065;1.0E-4
3087	3088;1.0E-4
309	310;7.275095E-5
3092	3093;1.0E-4
3109	3110;7.275095E-5
3114	3115;1.0E-4
3137	3138;1.0E-4
314	315;1.0E-4
3142	3143;1.0E-4
3165	3166;1.0E-4
3170	3171;1.0E-4
3188	3189;1.0E-4
3193	3194;1.0E-4
3215	3216;1.0E-4
3220	3221;1.0E-4
3238	3239;1.0E-4
3243	3244;1.0E-4
3266	3267;1.0E-4
3271	3272;1.0E-4
3289	3290;1.0E-4
3294	3295;1.0E-4
3316	3317;1.0E-4
3321	3322;1.0E-4
3339	3340;1.0E-4
3344	3345;1.0E-4
3367	3368;1.0E-4
337	338;1.0E-4
3372	3373;1.0E-4
3395	3396;1.0E-4
34	35;1.0E-4
3417	3418;1.0E-4
342	343;1.0E-4
3422	3423;1.0E-4
3445	3446;1.0E-4
3450	3451;1.0E-4
3468	3469;1.0E-4
3473	3474;1.0E-4
3496	3497;1.0E-4
3500	0;1.0E-4
3518	3519;1.0E-4
3523	3524;1.0E-4
3546	3547;1.0E-4
3551	3552;1.0E-4
3569	3570;1.0E-4
3574	3575;1.0E-4
3597	3598;1.0E-4
3601	3602;0.0
3619	3620;1.0E-4
3624	3625;1.0E-4
3647	3648;1.0E-4
365	366;1.0E-4
3652	3653;1.0E-4
3675	3676;1.0E-4
3680	3681;1.0E-4
3698	3699;1.0E-4
370	371;1.0E-4
3702	3703;1.4999998E-5
3725	3726;1.0E-4
3730	3731;1.0E-4
3748	3749;1.0E-4
3753	3754;1.0E-4
3776	3777;1.0E-4
3781	3782;1.0E-4
3799	3800;1.0E-4
3803	3804;2.7749997E-5
3826	3827;1.0E-4
3831	3832;1.0E-4
3849	3850;1.0E-4
3854	3855;1.0E-4
3877	3878;1.0E-4
388	389;1.0E-4
3882	3883;1.0E-4
3904	3905;3.8587496E-5
3927	3928;1.0E-4
393	394;1.0E-4
3932	3933;1.0E-4
3955	3956;1.0E-4
3960	3961;1.0E-4
3978	3979;1.0E-4
3983	3984;1.0E-4
4000	0;1.0E-4
4018	4019;1.0E-4
4023	4024;1.0E-4
4046	4047;1.0E-4
4051	4052;1.0E-4
4069	4070;1.0E-4
4074	4075;1.0E-4
4097	4098;1.0E-4
4101	4102;0.0
4119	4120;1.0E-4
4124	4125;1.0E-4
4147	4148;1.0E-4
415	416;1.0E-4
4152	4153;1.0E-4
4175	4176;1.0E-4
4180	4181;1.0E-4
4198	4199;1.0E-4
420	421;1.0E-4
4202	4203;1.4999998E-5
4225	4226;1.0E-4
4230	4231;1.0E-4
4248	4249;1.0E-4
4253	4254;1.0E-4
4276	4277;1.0E-4
4281	4282;1.0E-4
4299	4300;1.0E-4
4303	4304;2.7749997E-5
4326	4327;1.0E-4
4331	4332;1.0E-4
4349	4350;1.0E-4
4354	4355;1.0E-4
4377	4378;1.0E-4
438	439;1.0E-4
4382	4383;1.0E-4
4404	4405;3.8587496E-5
4427	4428;1.0E-4
443	444;1.0E-4
4432	4433;1.0E-4
4455	4456;1.0E-4
4460	4461;1.0E-4
4478	4479;1.0E-4
4483	4484;1.0E-4
4505	4506;4.779937E-5
4510	4511;7.68383E-5
4528	4529;1.0E-4
4533	4534;1.0E-4
4556	4557;1.0E-4
4561	4562;1.0E-4
4579	4580;1.0E-4
4584	4585;1.0E-4
4606	4607;5.5629465E-5
4611	4612;1.0E-4
4629	4630;1.0E-4
4634	4635;1.0E-4
4657	4658;1.0E-4
466	467;1.0E-4
4662	4663;1.0E-4
4685	4686;1.0E-4
4690	4691;1.0E-4
4707	4708;6.228505E-5
471	472;1.0E-4
4712	4713;1.0E-4
4735	4736;1.0E-4
4740	4741;1.0E-4
4758	4759;1.0E-4
4763	4764;1.0E-4
4786	4787;1.0E-4
4791	4792;1.0E-4
4808	4809;6.7942296E-5
4813	4814;1.0E-4
4836	4837;1.0E-4
4841	4842;1.0E-4
4859	4860;1.0E-4
4864	4865;1.0E-4
4887	4888;1.0E-4
489	490;1.0E-4
4892	4893;1.0E-4
4909	4910;7.275095E-5
4914	4915;1.0E-4
4937	4938;1.0E-4
494	495;1.0E-4
4942	4943;1.0E-4
4965	4966;1.0E-4
4970	4971;1.0E-4
4988	4989;1.0E-4
4993	4994;1.0E-4
5005	5006;4.779937E-5
5010	5011;7.68383E-5
5028	5029;1.0E-4
5033	5034;1.0E-4
5056	5057;1.0E-4
5061	5062;1.0E-4
5079	5080;1.0E-4
5084	5085;1.0E-4
5106	5107;5.5629465E-5
5111	5112;1.0E-4
5129	5130;1.0E-4
5134	5135;1.0E-4
5157	5158;1.0E-4
516	517;1.0E-4
5162	5163;1.0E-4
5185	5186;1.0E-4
5190	5191;1.0E-4
5207	5208;6.228505E-5
521	522;1.0E-4
5212	5213;1.0E-4
5235	5236;1.0E-4
5240	5241;1.0E-4
5258	5259;1.0E-4
5263	5264;1.0E-4
5286	5287;1.0E-4
5291	5292;1.0E-4
5308	5309;6.7942296E-5
5313	5314;1.0E-4
5336	5337;1.0E-4
5341	5342;1.0E-4
5359	5360;1.0E-4
5364	5365;1.0E-4
5387	5388;1.0E-4
539	540;1.0E-4
5392	5393;1.0E-4
5409	5410;7.275095E-5
5414	5415;1.0E-4
5437	5438;1.0E-4
544	545;1.0E-4
5442	5443;1.0E-4
5465	5466;1.0E-4
5470	5471;1.0E-4
5488	5489;1.0E-4
5493	5494;1.0E-4
5515	5516;1.0E-4
5520	5521;1.0E-4
5538	5539;1.0E-4
5543	5544;1.0E-4
5566	5567;1.0E-4
5571	5572;1.0E-4
5589	5590;1.0E-4
5594	5595;1.0E-4
5616	5617;1.0E-4
5621	5622;1.0E-4
5639	5640;1.0E-4
5644	5645;1.0E-4
5667	5668;1.0E-4
567	568;1.0E-4
5672	5673;1.0E-4
5695	5696;1.0E-4
57	58;1.0E-4
5717	5718;1.0E-4
572	573;1.0E-4
5722	5723;1.0E-4
5745	5746;1.0E-4
5750	5751;1.0E-4
5768	5769;1.0E-4
5773	5774;1.0E-4
5796	5797;1.0E-4
5800	0;1.0E-4
5818	5819;1.0E-4
5823	5824;1.0E-4
5846	5847;1.0E-4
5851	5852;1.0E-4
5869	5870;1.0E-4
5874	5875;1.0E-4
5897	5898;1.0E-4
5901	5902;0.0
5919	5920;1.0E-4
5924	5925;1.0E-4
5947	5948;1.0E-4
595	596;1.0E-4
5952	5953;1.0E-4
5975	5976;1.0E-4
5980	5981;1.0E-4
5998	5999;1.0E-4
6	7;5.5629465E-5
6015	6016;1.0E-4
6020	6021;1.0E-4
6038	6039;1.0E-4
6043	6044;1.0E-4
6066	6067;1.0E-4
6071	6072;1.0E-4
6089	6090;1.0E-4
6094	6095;1.0E-4
6116	6117;1.0E-4
6121	6122;1.0E-4
6139	6140;1.0E-4
6144	6145;1.0E-4
6167	6168;1.0E-4
617	618;1.0E-4
6172	6173;1.0E-4
6195	6196;1.0E-4
62	63;1.0E-4
6217	6218;1.0E-4
622	623;1.0E-4
6222	6223;1.0E-4
6245	6246;1.0E-4
6250	6251;1.0E-4
6268	6269;1.0E-4
6273	6274;1.0E-4
6296	6297;1.0E-4
6300	0;1.0E-4
6318	6319;1.0E-4
6323	6324;1.0E-4
6346	6347;1.0E-4
6351	6352;1.0E-4
6369	6370;1.0E-4
6374	6375;1.0E-4
6397	6398;1.0E-4
6401	6402;0.0
6419	6420;1.0E-4
6424	6425;1.0E-4
6447	6448;1.0E-4
645	646;1.0E-4
6452	6453;1.0E-4
6475	6476;1.0E-4
6480	6481;1.0E-4
6498	6499;1.0E-4
650	651;1.0E-4
6502	6503;1.4999998E-5
6525	6526;1.0E-4
6530	6531;1.0E-4
6548	6549;1.0E-4
6553	6554;1.0E-4
6576	6577;1.0E-4
6581	6582;1.0E-4
6599	6600;1.0E-4
6603	6604;2.7749997E-5
6626	6627;1.0E-4
6631	6632;1.0E-4
6649	6650;1.0E-4
6654	6655;1.0E-4
6677	6678;1.0E-4
668	669;1.0E-4
6682	6683;1.0E-4
6704	6705;3.8587496E-5
6727	6728;1.0E-4
673	674;1.0E-4
6732	6733;1.0E-4
6755	6756;1.0E-4
6760	6761;1.0E-4
6778	6779;1.0E-4
6783	6784;1.0E-4
6805	6806;4.779937E-5
6810	6811;7.68383E-5
6828	6829;1.0E-4
6833	6834;1.0E-4
6856	6857;1.0E-4
6861	6862;1.0E-4
6879	6880;1.0E-4
6884	6885;1.0E-4
6906	6907;5.5629465E-5
6911	6912;1.0E-4
6929	6930;1.0E-4
6934	6935;1.0E-4
6957	6958;1.0E-4
696	697;1.0E-4
6962	6963;1.0E-4
6985	6986;1.0E-4
6990	6991;1.0E-4
700	0;1.0E-4
7002	7003;1.4999998E-5
7025	7026;1.0E-4
7030	7031;1.0E-4
7048	7049;1.0E-4
7053	7054;1.0E-4
7076	7077;1.0E-4
7081	7082;1.0E-4
7099	7100;1.0E-4
7103	7104;2.7749997E-5
7126	7127;1.0E-4
7131	7132;1.0E-4
7149	7150;1.0E-4
7154	7155;1.0E-4
7177	7178;1.0E-4
718	719;1.0E-4
7182	7183;1.0E-4
7204	7205;3.8587496E-5
7227	7228;1.0E-4
723	724;1.0E-4
7232	7233;1.0E-4
7255	7256;1.0E-4
7260	7261;1.0E-4
7278	7279;1.0E-4
7283	7284;1.0E-4
7305	7306;4.779937E-5
7310	7311;7.68383E-5
7328	7329;1.0E-4
7333	7334;1.0E-4
7356	7357;1.0E-4
7361	7362;1.0E-4
7379	7380;1.0E-4
7384	7385;1.0E-4
7406	7407;5.5629465E-5
7411	7412;1.0E-4
7429	7430;1.0E-4
7434	7435;1.0E-4
7457	7458;1.0E-4
746	747;1.0E-4
7462	7463;1.0E-4
7485	7486;1.0E-4
7490	7491;1.0E-4
7507	7508;6.228505E-5
751	752;1.0E-4
7512	7513;1.0E-4
7535	7536;1.0E-4
7540	7541;1.0E-4
7558	7559;1.0E-4
7563	7564;1.0E-4
7586	7587;1.0E-4
7591	7592;1.0E-4
7608	7609;6.7942296E-5
7613	7614;1.0E-4
7636	7637;1.0E-4
7641	7642;1.0E-4
7659	7660;1.0E-4
7664	7665;1.0E-4
7687	7688;1.0E-4
769	770;1.0E-4
7692	7693;1.0E-4
7709	7710;7.275095E-5
7714	7715;1.0E-4
7737	7738;1.0E-4
774	775;1.0E-4
7742	7743;1.0E-4
7765	7766;1.0E-4
7770	7771;1.0E-4
7788	7789;1.0E-4
7793	7794;1.0E-4
7815	7816;1.0E-4
7820	7821;1.0E-4
7838	7839;1.0E-4
7843	7844;1.0E-4
7866	7867;1.0E-4
7871	7872;1.0E-4
7889	7890;1.0E-4
7894	7895;1.0E-4
7916	7917;1.0E-4
7921	7922;1.0E-4
7939	7940;1.0E-4
7944	7945;1.0E-4
7967	7968;1.0E-4
797	798;1.0E-4
7972	7973;1.0E-4
7995	7996;1.0E-4
8007	8008;6.228505E-5
801	802;0.0
8012	8013;1.0E-4
8035	8036;1.0E-4
8040	8041;1.0E-4
8058	8059;1.0E-4
8063	8064;1.0E-4
8086	8087;1.0E-4
8091	8092;1.0E-4
8108	8109;6.7942296E-5
8113	8114;1.0E-4
8136	8137;1.0E-4
8141	8142;1.0E-4
8159	8160;1.0E-4
8164	8165;1.0E-4
8187	8188;1.0E-4
819	820;1.0E-4
8192	8193;1.0E-4
8209	8210;7.275095E-5
8214	8215;1.0E-4
8237	8238;1.0E-4
824	825;1.0E-4
8242	8243;1.0E-4
8265	8266;1.0E-4
8270	8271;1.0E-4
8288	8289;1.0E-4
8293	8294;1.0E-4
8315	8316;1.0E-4
8320	8321;1.0E-4
8338	8339;1.0E-4
8343	8344;1.0E-4
8366	8367;1.0E-4
8371	8372;1.0E-4
8389	8390;1.0E-4
8394	8395;1.0E-4
8416	8417;1.0E-4
8421	8422;1.0E-4
8439	8440;1.0E-4
8444	8445;1.0E-4
8467	8468;1.0E-4
847	848;1.0E-4
8472	8473;1.0E-4
8495	8496;1.0E-4
85	86;1.0E-4
8517	8518;1.0E-4
852	853;1.0E-4
8522	8523;1.0E-4
8545	8546;1.0E-4
8550	8551;1.0E-4
8568	8569;1.0E-4
8573	8574;1.0E-4
8596	8597;1.0E-4
8600	0;1.0E-4
8618	8619;1.0E-4
8623	8624;1.0E-4
8646	8647;1.0E-4
8651	8652;1.0E-4
8669	8670;1.0E-4
8674	8675;1.0E-4
8697	8698;1.0E-4
8701	8702;0.0
8719	8720;1.0E-4
8724	8725;1.0E-4
8747	8748;1.0E-4
875	876;1.0E-4
8752	8753;1.0E-4
8775	8776;1.0E-4
8780	8781;1.0E-4
8798	8799;1.0E-4
880	881;1.0E-4
8802	8803;1.4999998E-5
8825	8826;1.0E-4
8830	8831;1.0E-4
8848	8849;1.0E-4
8853	8854;1.0E-4
8876	8877;1.0E-4
8881	8882;1.0E-4
8899	8900;1.0E-4
8903	8904;2.7749997E-5
8926	8927;1.0E-4
8931	8932;1.0E-4
8949	8950;1.0E-4
8954	8955;1.0E-4
8977	8978;1.0E-4
898	899;1.0E-4
8982	8983;1.0E-4
90	91;1.0E-4
9017	9018;1.0E-4
902	903;1.4999998E-5
9022	9023;1.0E-4
9045	9046;1.0E-4
9050	9051;1.0E-4
9068	9069;1.0E-4
9073	9074;1.0E-4
9096	9097;1.0E-4
9100	0;1.0E-4
9118	9119;1.0E-4
9123	9124;1.0E-4
9146	9147;1.0E-4
9151	9152;1.0E-4
9169	9170;1.0E-4
9174	9175;1.0E-4
9197	9198;1.0E-4
9201	9202;0.0
9219	9220;1.0E-4
9224	9225;1.0E-4
9247	9248;1.0E-4
925	926;1.0E-4
9252	9253;1.0E-4
9275	9276;1.0E-4
9280	9281;1.0E-4
9298	9299;1.0E-4
930	931;1.0E-4
9302	9303;1.4999998E-5
9325	9326;1.0E-4
9330	9331;1.0E-4
9348	9349;1.0E-4
9353	9354;1.0E-4
9376	9377;1.0E-4
9381	9382;1.0E-4
9399	9400;1.0E-4
9403	9404;2.7749997E-5
9426	9427;1.0E-4
9431	9432;1.0E-4
9449	9450;1.0E-4
9454	9455;1.0E-4
9477	9478;1.0E-4
948	949;1.0E-4
9482	9483;1.0E-4
9504	9505;3.8587496E-5
9527	9528;1.0E-4
953	954;1.0E-4
9532	9533;1.0E-4
9555	9556;1.0E-4
9560	9561;1.0E-4
9578	9579;1.0E-4
9583	9584;1.0E-4
9605	9606;4.779937E-5
9610	9611;7.68383E-5
9628	9629;1.0E-4
9633	9634;1.0E-4
9656	9657;1.0E-4
9661	9662;1.0E-4
9679	9680;1.0E-4
9684	9685;1.0E-4
9706	9707;5.5629465E-5
9711	9712;1.0E-4
9729	9730;1.0E-4
9734	9735;1.0E-4
9757	9758;1.0E-4
976	977;1.0E-4
9762	9763;1.0E-4
9785	9786;1.0E-4
9790	9791;1.0E-4
9807	9808;6.228505E-5
981	982;1.0E-4
9812	9813;1.0E-4
9835	9836;1.0E-4
9840	9841;1.0E-4
9858	9859;1.0E-4
9863	9864;1.0E-4
9886	9887;1.0E-4
9891	9892;1.0E-4
9908	9909;6.7942296E-5
9913	9914;1.0E-4
9936	9937;1.0E-4
9941	9942;1.0E-4
9959	9960;1.0E-4
9964	9965;1.0E-4
9987	9988;1.0E-4
999	1000;1.0E-4
9992	9993;1.0E-4
