1009	1010;7.275095E-5
1014	1015;1.0E-4
1037	1038;1.0E-4
1042	1043;1.0E-4
105	106;4.779937E-5
1065	1066;1.0E-4
1070	1071;1.0E-4
1088	1089;1.0E-4
1093	1094;1.0E-4
110	111;7.68383E-5
1115	1116;1.0E-4
1120	1121;1.0E-4
1138	1139;1.0E-4
1143	1144;1.0E-4
1166	1167;1.0E-4
1171	1172;1.0E-4
1189	1190;1.0E-4
1194	1195;1.0E-4
1216	1217;1.0E-4
1221	1222;1.0E-4
1239	1240;1.0E-4
1244	1245;1.0E-4
1267	1268;1.0E-4
1272	1273;1.0E-4
128	129;1.0E-4
1295	1296;1.0E-4
1317	1318;1.0E-4
1322	1323;1.0E-4
133	134;1.0E-4
1345	1346;1.0E-4
1350	1351;1.0E-4
1368	1369;1.0E-4
1373	1374;1.0E-4
1396	1397;1.0E-4
1400	0;1.0E-4
1418	1419;1.0E-4
1423	1424;1.0E-4
1446	1447;1.0E-4
1451	1452;1.0E-4
1469	1470;1.0E-4
1474	1475;1.0E-4
1497	1498;1.0E-4
1501	1502;0.0
1519	1520;1.0E-4
1524	1525;1.0E-4
1547	1548;1.0E-4
1552	1553;1.0E-4
156	157;1.0E-4
1575	1576;1.0E-4
1580	1581;1.0E-4
1598	1599;1.0E-4
1602	1603;1.4999998E-5
161	162;1.0E-4
1625	1626;1.0E-4
1630	1631;1.0E-4
1648	1649;1.0E-4
1653	1654;1.0E-4
1676	1677;1.0E-4
1681	1682;1.0E-4
1699	1700;1.0E-4
1703	1704;2.7749997E-5
1726	1727;1.0E-4
1731	1732;1.0E-4
1749	1750;1.0E-4
1754	1755;1.0E-4
1777	1778;1.0E-4
1782	1783;1.0E-4
179	180;1.0E-4
1804	1805;3.8587496E-5
1827	1828;1.0E-4
1832	1833;1.0E-4
184	185;1.0E-4
1855	1856;1.0E-4
1860	1861;1.0E-4
1878	1879;1.0E-4
1883	1884;1.0E-4
1905	1906;4.779937E-5
1910	1911;7.68383E-5
1928	1929;1.0E-4
1933	1934;1.0E-4
1956	1957;1.0E-4
1961	1962;1.0E-4
1979	1980;1.0E-4
1984	1985;1.0E-4
2001	2002;0.0
2019	2020;1.0E-4
2024	2025;1.0E-4
2047	2048;1.0E-4
2052	2053;1.0E-4
206	207;5.5629465E-5
2075	2076;1.0E-4
2080	2081;1.0E-4
2098	2099;1.0E-4
2102	2103;1.4999998E-5
211	212;1.0E-4
2125	2126;1.0E-4
2130	2131;1.0E-4
2148	2149;1.0E-4
2153	2154;1.0E-4
2176	2177;1.0E-4
2181	2182;1.0E-4
2199	2200;1.0E-4
2203	2204;2.7749997E-5
2226	2227;1.0E-4
2231	2232;1.0E-4
2249	2250;1.0E-4
2254	2255;1.0E-4
2277	2278;1.0E-4
2282	2283;1.0E-4
229	230;1.0E-4
2304	2305;3.8587496E-5
2327	2328;1.0E-4
2332	2333;1.0E-4
234	235;1.0E-4
2355	2356;1.0E-4
2360	2361;1.0E-4
2378	2379;1.0E-4
2383	2384;1.0E-4
2405	2406;4.779937E-5
2410	2411;7.68383E-5
2428	2429;1.0E-4
2433	2434;1.0E-4
2456	2457;1.0E-4
2461	2462;1.0E-4
2479	2480;1.0E-4
2484	2485;1.0E-4
2506	2507;5.5629465E-5
2511	2512;1.0E-4
2529	2530;1.0E-4
2534	2535;1.0E-4
2557	2558;1.0E-4
2562	2563;1.0E-4
257	258;1.0E-4
2585	2586;1.0E-4
2590	2591;1.0E-4
2607	2608;6.228505E-5
2612	2613;1.0E-4
262	263;1.0E-4
2635	2636;1.0E-4
2640	2641;1.0E-4
2658	2659;1.0E-4
2663	2664;1.0E-4
2686	2687;1.0E-4
2691	2692;1.0E-4
27	28;1.0E-4
2708	2709;6.7942296E-5
2713	2714;1.0E-4
2736	2737;1.0E-4
2741	2742;1.0E-4
2759	2760;1.0E-4
2764	2765;1.0E-4
2787	2788;1.0E-4
2792	2793;1.0E-4
2809	2810;7.275095E-5
2814	2815;1.0E-4
2837	2838;1.0E-4
2842	2843;1.0E-4
285	286;1.0E-4
2865	2866;1.0E-4
2870	2871;1.0E-4
2888	2889;1.0E-4
2893	2894;1.0E-4
290	291;1.0E-4
2915	2916;1.0E-4
2920	2921;1.0E-4
2938	2939;1.0E-4
2943	2944;1.0E-4
2966	2967;1.0E-4
2971	2972;1.0E-4
2989	2990;1.0E-4
2994	2995;1.0E-4
3006	3007;5.5629465E-5
3011	3012;1.0E-4
3029	3030;1.0E-4
3034	3035;1.0E-4
3057	3058;1.0E-4
3062	3063;1.0E-4
307	308;6.228505E-5
3085	3086;1.0E-4
3090	3091;1.0E-4
3107	3108;6.228505E-5
3112	3113;1.0E-4
312	313;1.0E-4
3135	3136;1.0E-4
3140	3141;1.0E-4
3158	3159;1.0E-4
3163	3164;1.0E-4
3186	3187;1.0E-4
3191	3192;1.0E-4
32	33;1.0E-4
3208	3209;6.7942296E-5
3213	3214;1.0E-4
3236	3237;1.0E-4
3241	3242;1.0E-4
3259	3260;1.0E-4
3264	3265;1.0E-4
3287	3288;1.0E-4
3292	3293;1.0E-4
3309	3310;7.275095E-5
3314	3315;1.0E-4
3337	3338;1.0E-4
3342	3343;1.0E-4
335	336;1.0E-4
3365	3366;1.0E-4
3370	3371;1.0E-4
3388	3389;1.0E-4
3393	3394;1.0E-4
340	341;1.0E-4
3415	3416;1.0E-4
3420	3421;1.0E-4
3438	3439;1.0E-4
3443	3444;1.0E-4
3466	3467;1.0E-4
3471	3472;1.0E-4
3489	3490;1.0E-4
3494	3495;1.0E-4
3516	3517;1.0E-4
3521	3522;1.0E-4
3539	3540;1.0E-4
3544	3545;1.0E-4
3567	3568;1.0E-4
3572	3573;1.0E-4
358	359;1.0E-4
3595	3596;1.0E-4
3617	3618;1.0E-4
3622	3623;1.0E-4
363	364;1.0E-4
3645	3646;1.0E-4
3650	3651;1.0E-4
3668	3669;1.0E-4
3673	3674;1.0E-4
3696	3697;1.0E-4
3700	0;1.0E-4
3718	3719;1.0E-4
3723	3724;1.0E-4
3746	3747;1.0E-4
3751	3752;1.0E-4
3769	3770;1.0E-4
3774	3775;1.0E-4
3797	3798;1.0E-4
3801	3802;0.0
3819	3820;1.0E-4
3824	3825;1.0E-4
3847	3848;1.0E-4
3852	3853;1.0E-4
386	387;1.0E-4
3875	3876;1.0E-4
3880	3881;1.0E-4
3898	3899;1.0E-4
3902	3903;1.4999998E-5
391	392;1.0E-4
3925	3926;1.0E-4
3930	3931;1.0E-4
3948	3949;1.0E-4
3953	3954;1.0E-4
3976	3977;1.0E-4
3981	3982;1.0E-4
3999	4000;1.0E-4
4	5;3.8587496E-5
4016	4017;1.0E-4
4021	4022;1.0E-4
4039	4040;1.0E-4
4044	4045;1.0E-4
4067	4068;1.0E-4
4072	4073;1.0E-4
408	409;6.7942296E-5
4095	4096;1.0E-4
4117	4118;1.0E-4
4122	4123;1.0E-4
413	414;1.0E-4
4145	4146;1.0E-4
4150	4151;1.0E-4
4168	4169;1.0E-4
4173	4174;1.0E-4
4196	4197;1.0E-4
4200	0;1.0E-4
4218	4219;1.0E-4
4223	4224;1.0E-4
4246	4247;1.0E-4
4251	4252;1.0E-4
4269	4270;1.0E-4
4274	4275;1.0E-4
4297	4298;1.0E-4
4301	4302;0.0
4319	4320;1.0E-4
4324	4325;1.0E-4
4347	4348;1.0E-4
4352	4353;1.0E-4
436	437;1.0E-4
4375	4376;1.0E-4
4380	4381;1.0E-4
4398	4399;1.0E-4
4402	4403;1.4999998E-5
441	442;1.0E-4
4425	4426;1.0E-4
4430	4431;1.0E-4
4448	4449;1.0E-4
4453	4454;1.0E-4
4476	4477;1.0E-4
4481	4482;1.0E-4
4499	4500;1.0E-4
4503	4504;2.7749997E-5
4526	4527;1.0E-4
4531	4532;1.0E-4
4549	4550;1.0E-4
4554	4555;1.0E-4
4577	4578;1.0E-4
4582	4583;1.0E-4
459	460;1.0E-4
4604	4605;3.8587496E-5
4627	4628;1.0E-4
4632	4633;1.0E-4
464	465;1.0E-4
4655	4656;1.0E-4
4660	4661;1.0E-4
4678	4679;1.0E-4
4683	4684;1.0E-4
4705	4706;4.779937E-5
4710	4711;7.68383E-5
4728	4729;1.0E-4
4733	4734;1.0E-4
4756	4757;1.0E-4
4761	4762;1.0E-4
4779	4780;1.0E-4
4784	4785;1.0E-4
4806	4807;5.5629465E-5
4811	4812;1.0E-4
4829	4830;1.0E-4
4834	4835;1.0E-4
4857	4858;1.0E-4
4862	4863;1.0E-4
487	488;1.0E-4
4885	4886;1.0E-4
4890	4891;1.0E-4
4907	4908;6.228505E-5
4912	4913;1.0E-4
492	493;1.0E-4
4935	4936;1.0E-4
4940	4941;1.0E-4
4958	4959;1.0E-4
4963	4964;1.0E-4
4986	4987;1.0E-4
4991	4992;1.0E-4
5003	5004;2.7749997E-5
5026	5027;1.0E-4
5031	5032;1.0E-4
5049	5050;1.0E-4
5054	5055;1.0E-4
5077	5078;1.0E-4
5082	5083;1.0E-4
509	510;7.275095E-5
5104	5105;3.8587496E-5
5127	5128;1.0E-4
5132	5133;1.0E-4
514	515;1.0E-4
5155	5156;1.0E-4
5160	5161;1.0E-4
5178	5179;1.0E-4
5183	5184;1.0E-4
5205	5206;4.779937E-5
5210	5211;7.68383E-5
5228	5229;1.0E-4
5233	5234;1.0E-4
5256	5257;1.0E-4
5261	5262;1.0E-4
5279	5280;1.0E-4
5284	5285;1.0E-4
5306	5307;5.5629465E-5
5311	5312;1.0E-4
5329	5330;1.0E-4
5334	5335;1.0E-4
5357	5358;1.0E-4
5362	5363;1.0E-4
537	538;1.0E-4
5385	5386;1.0E-4
5390	5391;1.0E-4
5407	5408;6.228505E-5
5412	5413;1.0E-4
542	543;1.0E-4
5435	5436;1.0E-4
5440	5441;1.0E-4
5458	5459;1.0E-4
5463	5464;1.0E-4
5486	5487;1.0E-4
5491	5492;1.0E-4
55	56;1.0E-4
5508	5509;6.7942296E-5
5513	5514;1.0E-4
5536	5537;1.0E-4
5541	5542;1.0E-4
5559	5560;1.0E-4
5564	5565;1.0E-4
5587	5588;1.0E-4
5592	5593;1.0E-4
5609	5610;7.275095E-5
5614	5615;1.0E-4
5637	5638;1.0E-4
5642	5643;1.0E-4
565	566;1.0E-4
5665	5666;1.0E-4
5670	5671;1.0E-4
5688	5689;1.0E-4
5693	5694;1.0E-4
570	571;1.0E-4
5715	5716;1.0E-4
5720	5721;1.0E-4
5738	5739;1.0E-4
5743	5744;1.0E-4
5766	5767;1.0E-4
5771	5772;1.0E-4
5789	5790;1.0E-4
5794	5795;1.0E-4
5816	5817;1.0E-4
5821	5822;1.0E-4
5839	5840;1.0E-4
5844	5845;1.0E-4
5867	5868;1.0E-4
5872	5873;1.0E-4
588	589;1.0E-4
5895	5896;1.0E-4
5917	5918;1.0E-4
5922	5923;1.0E-4
593	594;1.0E-4
5945	5946;1.0E-4
5950	5951;1.0E-4
5968	5969;1.0E-4
5973	5974;1.0E-4
5996	5997;1.0E-4
60	61;1.0E-4
6008	6009;6.7942296E-5
6013	6014;1.0E-4
6036	6037;1.0E-4
6041	6042;1.0E-4
6059	6060;1.0E-4
6064	6065;1.0E-4
6087	6088;1.0E-4
6092	6093;1.0E-4
6109	6110;7.275095E-5
6114	6115;1.0E-4
6137	6138;1.0E-4
6142	6143;1.0E-4
615	616;1.0E-4
6165	6166;1.0E-4
6170	6171;1.0E-4
6188	6189;1.0E-4
6193	6194;1.0E-4
620	621;1.0E-4
6215	6216;1.0E-4
6220	6221;1.0E-4
6238	6239;1.0E-4
6243	6244;1.0E-4
6266	6267;1.0E-4
6271	6272;1.0E-4
6289	6290;1.0E-4
6294	6295;1.0E-4
6316	6317;1.0E-4
6321	6322;1.0E-4
6339	6340;1.0E-4
6344	6345;1.0E-4
6367	6368;1.0E-4
6372	6373;1.0E-4
638	639;1.0E-4
6395	6396;1.0E-4
6417	6418;1.0E-4
6422	6423;1.0E-4
643	644;1.0E-4
6445	6446;1.0E-4
6450	6451;1.0E-4
6468	6469;1.0E-4
6473	6474;1.0E-4
6496	6497;1.0E-4
6500	0;1.0E-4
6518	6519;1.0E-4
6523	6524;1.0E-4
6546	6547;1.0E-4
6551	6552;1.0E-4
6569	6570;1.0E-4
6574	6575;1.0E-4
6597	6598;1.0E-4
6601	6602;0.0
6619	6620;1.0E-4
6624	6625;1.0E-4
6647	6648;1.0E-4
6652	6653;1.0E-4
666	667;1.0E-4
6675	6676;1.0E-4
6680	6681;1.0E-4
6698	6699;1.0E-4
6702	6703;1.4999998E-5
671	672;1.0E-4
6725	6726;1.0E-4
6730	6731;1.0E-4
6748	6749;1.0E-4
6753	6754;1.0E-4
6776	6777;1.0E-4
6781	6782;1.0E-4
6799	6800;1.0E-4
6803	6804;2.7749997E-5
6826	6827;1.0E-4
6831	6832;1.0E-4
6849	6850;1.0E-4
6854	6855;1.0E-4
6877	6878;1.0E-4
6882	6883;1.0E-4
689	690;1.0E-4
6904	6905;3.8587496E-5
6927	6928;1.0E-4
6932	6933;1.0E-4
694	695;1.0E-4
6955	6956;1.0E-4
6960	6961;1.0E-4
6978	6979;1.0E-4
6983	6984;1.0E-4
7000	0;1.0E-4
7018	7019;1.0E-4
7023	7024;1.0E-4
7046	7047;1.0E-4
7051	7052;1.0E-4
7069	7070;1.0E-4
7074	7075;1.0E-4
7097	7098;1.0E-4
7101	7102;0.0
7119	7120;1.0E-4
7124	7125;1.0E-4
7147	7148;1.0E-4
7152	7153;1.0E-4
716	717;1.0E-4
7175	7176;1.0E-4
7180	7181;1.0E-4
7198	7199;1.0E-4
7202	7203;1.4999998E-5
721	722;1.0E-4
7225	7226;1.0E-4
7230	7231;1.0E-4
7248	7249;1.0E-4
7253	7254;1.0E-4
7276	7277;1.0E-4
7281	7282;1.0E-4
7299	7300;1.0E-4
7303	7304;2.7749997E-5
7326	7327;1.0E-4
7331	7332;1.0E-4
7349	7350;1.0E-4
7354	7355;1.0E-4
7377	7378;1.0E-4
7382	7383;1.0E-4
739	740;1.0E-4
7404	7405;3.8587496E-5
7427	7428;1.0E-4
7432	7433;1.0E-4
744	745;1.0E-4
7455	7456;1.0E-4
7460	7461;1.0E-4
7478	7479;1.0E-4
7483	7484;1.0E-4
7505	7506;4.779937E-5
7510	7511;7.68383E-5
7528	7529;1.0E-4
7533	7534;1.0E-4
7556	7557;1.0E-4
7561	7562;1.0E-4
7579	7580;1.0E-4
7584	7585;1.0E-4
7606	7607;5.5629465E-5
7611	7612;1.0E-4
7629	7630;1.0E-4
7634	7635;1.0E-4
7657	7658;1.0E-4
7662	7663;1.0E-4
767	768;1.0E-4
7685	7686;1.0E-4
7690	7691;1.0E-4
7707	7708;6.228505E-5
7712	7713;1.0E-4
772	773;1.0E-4
7735	7736;1.0E-4
7740	7741;1.0E-4
7758	7759;1.0E-4
7763	7764;1.0E-4
7786	7787;1.0E-4
7791	7792;1.0E-4
78	79;1.0E-4
7808	7809;6.7942296E-5
7813	7814;1.0E-4
7836	7837;1.0E-4
7841	7842;1.0E-4
7859	7860;1.0E-4
7864	7865;1.0E-4
7887	7888;1.0E-4
7892	7893;1.0E-4
7909	7910;7.275095E-5
7914	7915;1.0E-4
7937	7938;1.0E-4
7942	7943;1.0E-4
795	796;1.0E-4
7965	7966;1.0E-4
7970	7971;1.0E-4
7988	7989;1.0E-4
7993	7994;1.0E-4
8005	8006;4.779937E-5
8010	8011;7.68383E-5
8028	8029;1.0E-4
8033	8034;1.0E-4
8056	8057;1.0E-4
8061	8062;1.0E-4
8079	8080;1.0E-4
8084	8085;1.0E-4
8106	8107;5.5629465E-5
8111	8112;1.0E-4
8129	8130;1.0E-4
8134	8135;1.0E-4
8157	8158;1.0E-4
8162	8163;1.0E-4
817	818;1.0E-4
8185	8186;1.0E-4
8190	8191;1.0E-4
8207	8208;6.228505E-5
8212	8213;1.0E-4
822	823;1.0E-4
8235	8236;1.0E-4
8240	8241;1.0E-4
8258	8259;1.0E-4
8263	8264;1.0E-4
8286	8287;1.0E-4
8291	8292;1.0E-4
83	84;1.0E-4
8308	8309;6.7942296E-5
8313	8314;1.0E-4
8336	8337;1.0E-4
8341	8342;1.0E-4
8359	8360;1.0E-4
8364	8365;1.0E-4
8387	8388;1.0E-4
8392	8393;1.0E-4
8409	8410;7.275095E-5
8414	8415;1.0E-4
8437	8438;1.0E-4
8442	8443;1.0E-4
845	846;1.0E-4
8465	8466;1.0E-4
8470	8471;1.0E-4
8488	8489;1.0E-4
8493	8494;1.0E-4
850	851;1.0E-4
8515	8516;1.0E-4
8520	8521;1.0E-4
8538	8539;1.0E-4
8543	8544;1.0E-4
8566	8567;1.0E-4
8571	8572;1.0E-4
8589	8590;1.0E-4
8594	8595;1.0E-4
8616	8617;1.0E-4
8621	8622;1.0E-4
8639	8640;1.0E-4
8644	8645;1.0E-4
8667	8668;1.0E-4
8672	8673;1.0E-4
868	869;1.0E-4
8695	8696;1.0E-4
8717	8718;1.0E-4
8722	8723;1.0E-4
873	874;1.0E-4
8745	8746;1.0E-4
8750	8751;1.0E-4
8768	8769;1.0E-4
8773	8774;1.0E-4
8796	8797;1.0E-4
8800	0;1.0E-4
8818	8819;1.0E-4
8823	8824;1.0E-4
8846	8847;1.0E-4
8851	8852;1.0E-4
8869	8870;1.0E-4
8874	8875;1.0E-4
8897	8898;1.0E-4
8901	8902;0.0
8919	8920;1.0E-4
8924	8925;1.0E-4
8947	8948;1.0E-4
8952	8953;1.0E-4
896	897;1.0E-4
8975	8976;1.0E-4
8980	8981;1.0E-4
8998	8999;1.0E-4
900	0;1.0E-4
9015	9016;1.0E-4
9020	9021;1.0E-4
9038	9039;1.0E-4
9043	9044;1.0E-4
9066	9067;1.0E-4
9071	9072;1.0E-4
9089	9090;1.0E-4
9094	9095;1.0E-4
9116	9117;1.0E-4
9121	9122;1.0E-4
9139	9140;1.0E-4
9144	9145;1.0E-4
9167	9168;1.0E-4
9172	9173;1.0E-4
918	919;1.0E-4
9195	9196;1.0E-4
9217	9218;1.0E-4
9222	9223;1.0E-4
923	924;1.0E-4
9245	9246;1.0E-4
9250	9251;1.0E-4
9268	9269;1.0E-4
9273	9274;1.0E-4
9296	9297;1.0E-4
9300	0;1.0E-4
9318	9319;1.0E-4
9323	9324;1.0E-4
9346	9347;1.0E-4
9351	9352;1.0E-4
9369	9370;1.0E-4
9374	9375;1.0E-4
9397	9398;1.0E-4
9401	9402;0.0
9419	9420;1.0E-4
9424	9425;1.0E-4
9447	9448;1.0E-4
9452	9453;1.0E-4
946	947;1.0E-4
9475	9476;1.0E-4
9480	9481;1.0E-4
9498	9499;1.0E-4
9502	9503;1.4999998E-5
951	952;1.0E-4
9525	9526;1.0E-4
9530	9531;1.0E-4
9548	9549;1.0E-4
9553	9554;1.0E-4
9576	9577;1.0E-4
9581	9582;1.0E-4
9599	9600;1.0E-4
9603	9604;2.7749997E-5
9626	9627;1.0E-4
9631	9632;1.0E-4
9649	9650;1.0E-4
9654	9655;1.0E-4
9677	9678;1.0E-4
9682	9683;1.0E-4
969	970;1.0E-4
9704	9705;3.8587496E-5
9727	9728;1.0E-4
9732	9733;1.0E-4
974	975;1.0E-4
9755	9756;1.0E-4
9760	9761;1.0E-4
9778	9779;1.0E-4
9783	9784;1.0E-4
9805	9806;4.779937E-5
9810	9811;7.68383E-5
9828	9829;1.0E-4
9833	9834;1.0E-4
9856	9857;1.0E-4
9861	9862;1.0E-4
9879	9880;1.0E-4
9884	9885;1.0E-4
9906	9907;5.5629465E-5
9911	9912;1.0E-4
9929	9930;1.0E-4
9934	9935;1.0E-4
9957	9958;1.0E-4
9962	9963;1.0E-4
997	998;1.0E-4
9985	9986;1.0E-4
9990	9991;1.0E-4
