1002	1003;1.4999998E-5
1025	1026;1.0E-4
1030	1031;1.0E-4
1048	1049;1.0E-4
1053	1054;1.0E-4
1076	1077;1.0E-4
1081	1082;1.0E-4
1099	1100;1.0E-4
1103	1104;2.7749997E-5
1126	1127;1.0E-4
1131	1132;1.0E-4
1149	1150;1.0E-4
1154	1155;1.0E-4
116	117;1.0E-4
1177	1178;1.0E-4
1182	1183;1.0E-4
1204	1205;3.8587496E-5
121	122;1.0E-4
1227	1228;1.0E-4
1232	1233;1.0E-4
1255	1256;1.0E-4
1260	1261;1.0E-4
1278	1279;1.0E-4
1283	1284;1.0E-4
1305	1306;4.779937E-5
1310	1311;7.68383E-5
1328	1329;1.0E-4
1333	1334;1.0E-4
1356	1357;1.0E-4
1361	1362;1.0E-4
1379	1380;1.0E-4
1384	1385;1.0E-4
139	140;1.0E-4
1406	1407;5.5629465E-5
1411	1412;1.0E-4
1429	1430;1.0E-4
1434	1435;1.0E-4
144	145;1.0E-4
1457	1458;1.0E-4
1462	1463;1.0E-4
1485	1486;1.0E-4
1490	1491;1.0E-4
15	16;1.0E-4
1507	1508;6.228505E-5
1512	1513;1.0E-4
1535	1536;1.0E-4
1540	1541;1.0E-4
1558	1559;1.0E-4
1563	1564;1.0E-4
1586	1587;1.0E-4
1591	1592;1.0E-4
1608	1609;6.7942296E-5
1613	1614;1.0E-4
1636	1637;1.0E-4
1641	1642;1.0E-4
1659	1660;1.0E-4
1664	1665;1.0E-4
167	168;1.0E-4
1687	1688;1.0E-4
1692	1693;1.0E-4
1709	1710;7.275095E-5
1714	1715;1.0E-4
172	173;1.0E-4
1737	1738;1.0E-4
1742	1743;1.0E-4
1765	1766;1.0E-4
1770	1771;1.0E-4
1788	1789;1.0E-4
1793	1794;1.0E-4
1815	1816;1.0E-4
1820	1821;1.0E-4
1838	1839;1.0E-4
1843	1844;1.0E-4
1866	1867;1.0E-4
1871	1872;1.0E-4
1889	1890;1.0E-4
1894	1895;1.0E-4
1916	1917;1.0E-4
1921	1922;1.0E-4
1939	1940;1.0E-4
1944	1945;1.0E-4
195	196;1.0E-4
1967	1968;1.0E-4
1972	1973;1.0E-4
1995	1996;1.0E-4
20	21;1.0E-4
2007	2008;6.228505E-5
2012	2013;1.0E-4
2035	2036;1.0E-4
2040	2041;1.0E-4
2058	2059;1.0E-4
2063	2064;1.0E-4
2086	2087;1.0E-4
2091	2092;1.0E-4
2108	2109;6.7942296E-5
2113	2114;1.0E-4
2136	2137;1.0E-4
2141	2142;1.0E-4
2159	2160;1.0E-4
2164	2165;1.0E-4
217	218;1.0E-4
2187	2188;1.0E-4
2192	2193;1.0E-4
2209	2210;7.275095E-5
2214	2215;1.0E-4
222	223;1.0E-4
2237	2238;1.0E-4
2242	2243;1.0E-4
2265	2266;1.0E-4
2270	2271;1.0E-4
2288	2289;1.0E-4
2293	2294;1.0E-4
2315	2316;1.0E-4
2320	2321;1.0E-4
2338	2339;1.0E-4
2343	2344;1.0E-4
2366	2367;1.0E-4
2371	2372;1.0E-4
2389	2390;1.0E-4
2394	2395;1.0E-4
2416	2417;1.0E-4
2421	2422;1.0E-4
2439	2440;1.0E-4
2444	2445;1.0E-4
245	246;1.0E-4
2467	2468;1.0E-4
2472	2473;1.0E-4
2495	2496;1.0E-4
250	251;1.0E-4
2517	2518;1.0E-4
2522	2523;1.0E-4
2545	2546;1.0E-4
2550	2551;1.0E-4
2568	2569;1.0E-4
2573	2574;1.0E-4
2596	2597;1.0E-4
2600	0;1.0E-4
2618	2619;1.0E-4
2623	2624;1.0E-4
2646	2647;1.0E-4
2651	2652;1.0E-4
2669	2670;1.0E-4
2674	2675;1.0E-4
268	269;1.0E-4
2697	2698;1.0E-4
2701	2702;0.0
2719	2720;1.0E-4
2724	2725;1.0E-4
273	274;1.0E-4
2747	2748;1.0E-4
2752	2753;1.0E-4
2775	2776;1.0E-4
2780	2781;1.0E-4
2798	2799;1.0E-4
2802	2803;1.4999998E-5
2825	2826;1.0E-4
2830	2831;1.0E-4
2848	2849;1.0E-4
2853	2854;1.0E-4
2876	2877;1.0E-4
2881	2882;1.0E-4
2899	2900;1.0E-4
2903	2904;2.7749997E-5
2926	2927;1.0E-4
2931	2932;1.0E-4
2949	2950;1.0E-4
2954	2955;1.0E-4
296	297;1.0E-4
2977	2978;1.0E-4
2982	2983;1.0E-4
300	0;1.0E-4
3017	3018;1.0E-4
3022	3023;1.0E-4
3045	3046;1.0E-4
3050	3051;1.0E-4
3068	3069;1.0E-4
3073	3074;1.0E-4
3096	3097;1.0E-4
3100	0;1.0E-4
3118	3119;1.0E-4
3123	3124;1.0E-4
3146	3147;1.0E-4
3151	3152;1.0E-4
3169	3170;1.0E-4
3174	3175;1.0E-4
318	319;1.0E-4
3197	3198;1.0E-4
3201	3202;0.0
3219	3220;1.0E-4
3224	3225;1.0E-4
323	324;1.0E-4
3247	3248;1.0E-4
3252	3253;1.0E-4
3275	3276;1.0E-4
3280	3281;1.0E-4
3298	3299;1.0E-4
3302	3303;1.4999998E-5
3325	3326;1.0E-4
3330	3331;1.0E-4
3348	3349;1.0E-4
3353	3354;1.0E-4
3376	3377;1.0E-4
3381	3382;1.0E-4
3399	3400;1.0E-4
3403	3404;2.7749997E-5
3426	3427;1.0E-4
3431	3432;1.0E-4
3449	3450;1.0E-4
3454	3455;1.0E-4
346	347;1.0E-4
3477	3478;1.0E-4
3482	3483;1.0E-4
3504	3505;3.8587496E-5
351	352;1.0E-4
3527	3528;1.0E-4
3532	3533;1.0E-4
3555	3556;1.0E-4
3560	3561;1.0E-4
3578	3579;1.0E-4
3583	3584;1.0E-4
3605	3606;4.779937E-5
3610	3611;7.68383E-5
3628	3629;1.0E-4
3633	3634;1.0E-4
3656	3657;1.0E-4
3661	3662;1.0E-4
3679	3680;1.0E-4
3684	3685;1.0E-4
369	370;1.0E-4
3706	3707;5.5629465E-5
3711	3712;1.0E-4
3729	3730;1.0E-4
3734	3735;1.0E-4
374	375;1.0E-4
3757	3758;1.0E-4
3762	3763;1.0E-4
3785	3786;1.0E-4
3790	3791;1.0E-4
38	39;1.0E-4
3807	3808;6.228505E-5
3812	3813;1.0E-4
3835	3836;1.0E-4
3840	3841;1.0E-4
3858	3859;1.0E-4
3863	3864;1.0E-4
3886	3887;1.0E-4
3891	3892;1.0E-4
3908	3909;6.7942296E-5
3913	3914;1.0E-4
3936	3937;1.0E-4
3941	3942;1.0E-4
3959	3960;1.0E-4
3964	3965;1.0E-4
397	398;1.0E-4
3987	3988;1.0E-4
3992	3993;1.0E-4
4004	4005;3.8587496E-5
401	402;0.0
4027	4028;1.0E-4
4032	4033;1.0E-4
4055	4056;1.0E-4
4060	4061;1.0E-4
4078	4079;1.0E-4
4083	4084;1.0E-4
4105	4106;4.779937E-5
4110	4111;7.68383E-5
4128	4129;1.0E-4
4133	4134;1.0E-4
4156	4157;1.0E-4
4161	4162;1.0E-4
4179	4180;1.0E-4
4184	4185;1.0E-4
419	420;1.0E-4
4206	4207;5.5629465E-5
4211	4212;1.0E-4
4229	4230;1.0E-4
4234	4235;1.0E-4
424	425;1.0E-4
4257	4258;1.0E-4
4262	4263;1.0E-4
4285	4286;1.0E-4
4290	4291;1.0E-4
43	44;1.0E-4
4307	4308;6.228505E-5
4312	4313;1.0E-4
4335	4336;1.0E-4
4340	4341;1.0E-4
4358	4359;1.0E-4
4363	4364;1.0E-4
4386	4387;1.0E-4
4391	4392;1.0E-4
4408	4409;6.7942296E-5
4413	4414;1.0E-4
4436	4437;1.0E-4
4441	4442;1.0E-4
4459	4460;1.0E-4
4464	4465;1.0E-4
447	448;1.0E-4
4487	4488;1.0E-4
4492	4493;1.0E-4
4509	4510;7.275095E-5
4514	4515;1.0E-4
452	453;1.0E-4
4537	4538;1.0E-4
4542	4543;1.0E-4
4565	4566;1.0E-4
4570	4571;1.0E-4
4588	4589;1.0E-4
4593	4594;1.0E-4
4615	4616;1.0E-4
4620	4621;1.0E-4
4638	4639;1.0E-4
4643	4644;1.0E-4
4666	4667;1.0E-4
4671	4672;1.0E-4
4689	4690;1.0E-4
4694	4695;1.0E-4
4716	4717;1.0E-4
4721	4722;1.0E-4
4739	4740;1.0E-4
4744	4745;1.0E-4
475	476;1.0E-4
4767	4768;1.0E-4
4772	4773;1.0E-4
4795	4796;1.0E-4
480	481;1.0E-4
4817	4818;1.0E-4
4822	4823;1.0E-4
4845	4846;1.0E-4
4850	4851;1.0E-4
4868	4869;1.0E-4
4873	4874;1.0E-4
4896	4897;1.0E-4
4900	0;1.0E-4
4918	4919;1.0E-4
4923	4924;1.0E-4
4946	4947;1.0E-4
4951	4952;1.0E-4
4969	4970;1.0E-4
4974	4975;1.0E-4
498	499;1.0E-4
4997	4998;1.0E-4
5009	5010;7.275095E-5
5014	5015;1.0E-4
502	503;1.4999998E-5
5037	5038;1.0E-4
5042	5043;1.0E-4
5065	5066;1.0E-4
5070	5071;1.0E-4
5088	5089;1.0E-4
5093	5094;1.0E-4
5115	5116;1.0E-4
5120	5121;1.0E-4
5138	5139;1.0E-4
5143	5144;1.0E-4
5166	5167;1.0E-4
5171	5172;1.0E-4
5189	5190;1.0E-4
5194	5195;1.0E-4
5216	5217;1.0E-4
5221	5222;1.0E-4
5239	5240;1.0E-4
5244	5245;1.0E-4
525	526;1.0E-4
5267	5268;1.0E-4
5272	5273;1.0E-4
5295	5296;1.0E-4
530	531;1.0E-4
5317	5318;1.0E-4
5322	5323;1.0E-4
5345	5346;1.0E-4
5350	5351;1.0E-4
5368	5369;1.0E-4
5373	5374;1.0E-4
5396	5397;1.0E-4
5400	0;1.0E-4
5418	5419;1.0E-4
5423	5424;1.0E-4
5446	5447;1.0E-4
5451	5452;1.0E-4
5469	5470;1.0E-4
5474	5475;1.0E-4
548	549;1.0E-4
5497	5498;1.0E-4
5501	5502;0.0
5519	5520;1.0E-4
5524	5525;1.0E-4
553	554;1.0E-4
5547	5548;1.0E-4
5552	5553;1.0E-4
5575	5576;1.0E-4
5580	5581;1.0E-4
5598	5599;1.0E-4
5602	5603;1.4999998E-5
5625	5626;1.0E-4
5630	5631;1.0E-4
5648	5649;1.0E-4
5653	5654;1.0E-4
5676	5677;1.0E-4
5681	5682;1.0E-4
5699	5700;1.0E-4
5703	5704;2.7749997E-5
5726	5727;1.0E-4
5731	5732;1.0E-4
5749	5750;1.0E-4
5754	5755;1.0E-4
576	577;1.0E-4
5777	5778;1.0E-4
5782	5783;1.0E-4
5804	5805;3.8587496E-5
581	582;1.0E-4
5827	5828;1.0E-4
5832	5833;1.0E-4
5855	5856;1.0E-4
5860	5861;1.0E-4
5878	5879;1.0E-4
5883	5884;1.0E-4
5905	5906;4.779937E-5
5910	5911;7.68383E-5
5928	5929;1.0E-4
5933	5934;1.0E-4
5956	5957;1.0E-4
5961	5962;1.0E-4
5979	5980;1.0E-4
5984	5985;1.0E-4
599	600;1.0E-4
6001	6002;0.0
6019	6020;1.0E-4
6024	6025;1.0E-4
603	604;2.7749997E-5
6047	6048;1.0E-4
6052	6053;1.0E-4
6075	6076;1.0E-4
6080	6081;1.0E-4
6098	6099;1.0E-4
6102	6103;1.4999998E-5
6125	6126;1.0E-4
6130	6131;1.0E-4
6148	6149;1.0E-4
6153	6154;1.0E-4
6176	6177;1.0E-4
6181	6182;1.0E-4
6199	6200;1.0E-4
6203	6204;2.7749997E-5
6226	6227;1.0E-4
6231	6232;1.0E-4
6249	6250;1.0E-4
6254	6255;1.0E-4
626	627;1.0E-4
6277	6278;1.0E-4
6282	6283;1.0E-4
6304	6305;3.8587496E-5
631	632;1.0E-4
6327	6328;1.0E-4
6332	6333;1.0E-4
6355	6356;1.0E-4
6360	6361;1.0E-4
6378	6379;1.0E-4
6383	6384;1.0E-4
6405	6406;4.779937E-5
6410	6411;7.68383E-5
6428	6429;1.0E-4
6433	6434;1.0E-4
6456	6457;1.0E-4
6461	6462;1.0E-4
6479	6480;1.0E-4
6484	6485;1.0E-4
649	650;1.0E-4
6506	6507;5.5629465E-5
6511	6512;1.0E-4
6529	6530;1.0E-4
6534	6535;1.0E-4
654	655;1.0E-4
6557	6558;1.0E-4
6562	6563;1.0E-4
6585	6586;1.0E-4
6590	6591;1.0E-4
66	67;1.0E-4
6607	6608;6.228505E-5
6612	6613;1.0E-4
6635	6636;1.0E-4
6640	6641;1.0E-4
6658	6659;1.0E-4
6663	6664;1.0E-4
6686	6687;1.0E-4
6691	6692;1.0E-4
6708	6709;6.7942296E-5
6713	6714;1.0E-4
6736	6737;1.0E-4
6741	6742;1.0E-4
6759	6760;1.0E-4
6764	6765;1.0E-4
677	678;1.0E-4
6787	6788;1.0E-4
6792	6793;1.0E-4
6809	6810;7.275095E-5
6814	6815;1.0E-4
682	683;1.0E-4
6837	6838;1.0E-4
6842	6843;1.0E-4
6865	6866;1.0E-4
6870	6871;1.0E-4
6888	6889;1.0E-4
6893	6894;1.0E-4
6915	6916;1.0E-4
6920	6921;1.0E-4
6938	6939;1.0E-4
6943	6944;1.0E-4
6966	6967;1.0E-4
6971	6972;1.0E-4
6989	6990;1.0E-4
6994	6995;1.0E-4
7006	7007;5.5629465E-5
7011	7012;1.0E-4
7029	7030;1.0E-4
7034	7035;1.0E-4
704	705;3.8587496E-5
7057	7058;1.0E-4
7062	7063;1.0E-4
7085	7086;1.0E-4
7090	7091;1.0E-4
71	72;1.0E-4
7107	7108;6.228505E-5
7112	7113;1.0E-4
7135	7136;1.0E-4
7140	7141;1.0E-4
7158	7159;1.0E-4
7163	7164;1.0E-4
7186	7187;1.0E-4
7191	7192;1.0E-4
7208	7209;6.7942296E-5
7213	7214;1.0E-4
7236	7237;1.0E-4
7241	7242;1.0E-4
7259	7260;1.0E-4
7264	7265;1.0E-4
727	728;1.0E-4
7287	7288;1.0E-4
7292	7293;1.0E-4
7309	7310;7.275095E-5
7314	7315;1.0E-4
732	733;1.0E-4
7337	7338;1.0E-4
7342	7343;1.0E-4
7365	7366;1.0E-4
7370	7371;1.0E-4
7388	7389;1.0E-4
7393	7394;1.0E-4
7415	7416;1.0E-4
7420	7421;1.0E-4
7438	7439;1.0E-4
7443	7444;1.0E-4
7466	7467;1.0E-4
7471	7472;1.0E-4
7489	7490;1.0E-4
7494	7495;1.0E-4
7516	7517;1.0E-4
7521	7522;1.0E-4
7539	7540;1.0E-4
7544	7545;1.0E-4
755	756;1.0E-4
7567	7568;1.0E-4
7572	7573;1.0E-4
7595	7596;1.0E-4
760	761;1.0E-4
7617	7618;1.0E-4
7622	7623;1.0E-4
7645	7646;1.0E-4
7650	7651;1.0E-4
7668	7669;1.0E-4
7673	7674;1.0E-4
7696	7697;1.0E-4
7700	0;1.0E-4
7718	7719;1.0E-4
7723	7724;1.0E-4
7746	7747;1.0E-4
7751	7752;1.0E-4
7769	7770;1.0E-4
7774	7775;1.0E-4
778	779;1.0E-4
7797	7798;1.0E-4
7801	7802;0.0
7819	7820;1.0E-4
7824	7825;1.0E-4
783	784;1.0E-4
7847	7848;1.0E-4
7852	7853;1.0E-4
7875	7876;1.0E-4
7880	7881;1.0E-4
7898	7899;1.0E-4
7902	7903;1.4999998E-5
7925	7926;1.0E-4
7930	7931;1.0E-4
7948	7949;1.0E-4
7953	7954;1.0E-4
7976	7977;1.0E-4
7981	7982;1.0E-4
7999	8000;1.0E-4
8016	8017;1.0E-4
8021	8022;1.0E-4
8039	8040;1.0E-4
8044	8045;1.0E-4
805	806;4.779937E-5
8067	8068;1.0E-4
8072	8073;1.0E-4
8095	8096;1.0E-4
810	811;7.68383E-5
8117	8118;1.0E-4
8122	8123;1.0E-4
8145	8146;1.0E-4
8150	8151;1.0E-4
8168	8169;1.0E-4
8173	8174;1.0E-4
8196	8197;1.0E-4
8200	0;1.0E-4
8218	8219;1.0E-4
8223	8224;1.0E-4
8246	8247;1.0E-4
8251	8252;1.0E-4
8269	8270;1.0E-4
8274	8275;1.0E-4
828	829;1.0E-4
8297	8298;1.0E-4
8301	8302;0.0
8319	8320;1.0E-4
8324	8325;1.0E-4
833	834;1.0E-4
8347	8348;1.0E-4
8352	8353;1.0E-4
8375	8376;1.0E-4
8380	8381;1.0E-4
8398	8399;1.0E-4
8402	8403;1.4999998E-5
8425	8426;1.0E-4
8430	8431;1.0E-4
8448	8449;1.0E-4
8453	8454;1.0E-4
8476	8477;1.0E-4
8481	8482;1.0E-4
8499	8500;1.0E-4
8503	8504;2.7749997E-5
8526	8527;1.0E-4
8531	8532;1.0E-4
8549	8550;1.0E-4
8554	8555;1.0E-4
856	857;1.0E-4
8577	8578;1.0E-4
8582	8583;1.0E-4
8604	8605;3.8587496E-5
861	862;1.0E-4
8627	8628;1.0E-4
8632	8633;1.0E-4
8655	8656;1.0E-4
8660	8661;1.0E-4
8678	8679;1.0E-4
8683	8684;1.0E-4
8705	8706;4.779937E-5
8710	8711;7.68383E-5
8728	8729;1.0E-4
8733	8734;1.0E-4
8756	8757;1.0E-4
8761	8762;1.0E-4
8779	8780;1.0E-4
8784	8785;1.0E-4
879	880;1.0E-4
8806	8807;5.5629465E-5
8811	8812;1.0E-4
8829	8830;1.0E-4
8834	8835;1.0E-4
884	885;1.0E-4
8857	8858;1.0E-4
8862	8863;1.0E-4
8885	8886;1.0E-4
8890	8891;1.0E-4
89	90;1.0E-4
8907	8908;6.228505E-5
8912	8913;1.0E-4
8935	8936;1.0E-4
8940	8941;1.0E-4
8958	8959;1.0E-4
8963	8964;1.0E-4
8986	8987;1.0E-4
8991	8992;1.0E-4
9003	9004;2.7749997E-5
9026	9027;1.0E-4
9031	9032;1.0E-4
9049	9050;1.0E-4
9054	9055;1.0E-4
906	907;5.5629465E-5
9077	9078;1.0E-4
9082	9083;1.0E-4
9104	9105;3.8587496E-5
911	912;1.0E-4
9127	9128;1.0E-4
9132	9133;1.0E-4
9155	9156;1.0E-4
9160	9161;1.0E-4
9178	9179;1.0E-4
9183	9184;1.0E-4
9205	9206;4.779937E-5
9210	9211;7.68383E-5
9228	9229;1.0E-4
9233	9234;1.0E-4
9256	9257;1.0E-4
9261	9262;1.0E-4
9279	9280;1.0E-4
9284	9285;1.0E-4
929	930;1.0E-4
9306	9307;5.5629465E-5
9311	9312;1.0E-4
9329	9330;1.0E-4
9334	9335;1.0E-4
934	935;1.0E-4
9357	9358;1.0E-4
9362	9363;1.0E-4
9385	9386;1.0E-4
9390	9391;1.0E-4
94	95;1.0E-4
9407	9408;6.228505E-5
9412	9413;1.0E-4
9435	9436;1.0E-4
9440	9441;1.0E-4
9458	9459;1.0E-4
9463	9464;1.0E-4
9486	9487;1.0E-4
9491	9492;1.0E-4
9508	9509;6.7942296E-5
9513	9514;1.0E-4
9536	9537;1.0E-4
9541	9542;1.0E-4
9559	9560;1.0E-4
9564	9565;1.0E-4
957	958;1.0E-4
9587	9588;1.0E-4
9592	9593;1.0E-4
9609	9610;7.275095E-5
9614	9615;1.0E-4
962	963;1.0E-4
9637	9638;1.0E-4
9642	9643;1.0E-4
9665	9666;1.0E-4
9670	9671;1.0E-4
9688	9689;1.0E-4
9693	9694;1.0E-4
9715	9716;1.0E-4
9720	9721;1.0E-4
9738	9739;1.0E-4
9743	9744;1.0E-4
9766	9767;1.0E-4
9771	9772;1.0E-4
9789	9790;1.0E-4
9794	9795;1.0E-4
9816	9817;1.0E-4
9821	9822;1.0E-4
9839	9840;1.0E-4
9844	9845;1.0E-4
985	986;1.0E-4
9867	9868;1.0E-4
9872	9873;1.0E-4
9895	9896;1.0E-4
990	991;1.0E-4
9917	9918;1.0E-4
9922	9923;1.0E-4
9945	9946;1.0E-4
9950	9951;1.0E-4
9968	9969;1.0E-4
9973	9974;1.0E-4
9996	9997;1.0E-4
