1008	1009;6.7942296E-5
1013	1014;1.0E-4
1036	1037;1.0E-4
104	105;3.8587496E-5
1041	1042;1.0E-4
1059	1060;1.0E-4
1064	1065;1.0E-4
1087	1088;1.0E-4
1092	1093;1.0E-4
1109	1110;7.275095E-5
1114	1115;1.0E-4
1137	1138;1.0E-4
1142	1143;1.0E-4
1165	1166;1.0E-4
1170	1171;1.0E-4
1188	1189;1.0E-4
1193	1194;1.0E-4
1215	1216;1.0E-4
1220	1221;1.0E-4
1238	1239;1.0E-4
1243	1244;1.0E-4
1266	1267;1.0E-4
127	128;1.0E-4
1271	1272;1.0E-4
1289	1290;1.0E-4
1294	1295;1.0E-4
1316	1317;1.0E-4
132	133;1.0E-4
1321	1322;1.0E-4
1339	1340;1.0E-4
1344	1345;1.0E-4
1367	1368;1.0E-4
1372	1373;1.0E-4
1395	1396;1.0E-4
1417	1418;1.0E-4
1422	1423;1.0E-4
1445	1446;1.0E-4
1450	1451;1.0E-4
1468	1469;1.0E-4
1473	1474;1.0E-4
1496	1497;1.0E-4
1500	0;1.0E-4
1518	1519;1.0E-4
1523	1524;1.0E-4
1546	1547;1.0E-4
155	156;1.0E-4
1551	1552;1.0E-4
1569	1570;1.0E-4
1574	1575;1.0E-4
1597	1598;1.0E-4
160	161;1.0E-4
1601	1602;0.0
1619	1620;1.0E-4
1624	1625;1.0E-4
1647	1648;1.0E-4
1652	1653;1.0E-4
1675	1676;1.0E-4
1680	1681;1.0E-4
1698	1699;1.0E-4
1702	1703;1.4999998E-5
1725	1726;1.0E-4
1730	1731;1.0E-4
1748	1749;1.0E-4
1753	1754;1.0E-4
1776	1777;1.0E-4
178	179;1.0E-4
1781	1782;1.0E-4
1799	1800;1.0E-4
1803	1804;2.7749997E-5
1826	1827;1.0E-4
183	184;1.0E-4
1831	1832;1.0E-4
1849	1850;1.0E-4
1854	1855;1.0E-4
1877	1878;1.0E-4
1882	1883;1.0E-4
1904	1905;3.8587496E-5
1927	1928;1.0E-4
1932	1933;1.0E-4
1955	1956;1.0E-4
1960	1961;1.0E-4
1978	1979;1.0E-4
1983	1984;1.0E-4
2000	0;1.0E-4
2018	2019;1.0E-4
2023	2024;1.0E-4
2046	2047;1.0E-4
205	206;4.779937E-5
2051	2052;1.0E-4
2069	2070;1.0E-4
2074	2075;1.0E-4
2097	2098;1.0E-4
210	211;7.68383E-5
2101	2102;0.0
2119	2120;1.0E-4
2124	2125;1.0E-4
2147	2148;1.0E-4
2152	2153;1.0E-4
2175	2176;1.0E-4
2180	2181;1.0E-4
2198	2199;1.0E-4
2202	2203;1.4999998E-5
2225	2226;1.0E-4
2230	2231;1.0E-4
2248	2249;1.0E-4
2253	2254;1.0E-4
2276	2277;1.0E-4
228	229;1.0E-4
2281	2282;1.0E-4
2299	2300;1.0E-4
2303	2304;2.7749997E-5
2326	2327;1.0E-4
233	234;1.0E-4
2331	2332;1.0E-4
2349	2350;1.0E-4
2354	2355;1.0E-4
2377	2378;1.0E-4
2382	2383;1.0E-4
2404	2405;3.8587496E-5
2427	2428;1.0E-4
2432	2433;1.0E-4
2455	2456;1.0E-4
2460	2461;1.0E-4
2478	2479;1.0E-4
2483	2484;1.0E-4
2505	2506;4.779937E-5
2510	2511;7.68383E-5
2528	2529;1.0E-4
2533	2534;1.0E-4
2556	2557;1.0E-4
256	257;1.0E-4
2561	2562;1.0E-4
2579	2580;1.0E-4
2584	2585;1.0E-4
26	27;1.0E-4
2606	2607;5.5629465E-5
261	262;1.0E-4
2611	2612;1.0E-4
2629	2630;1.0E-4
2634	2635;1.0E-4
2657	2658;1.0E-4
2662	2663;1.0E-4
2685	2686;1.0E-4
2690	2691;1.0E-4
2707	2708;6.228505E-5
2712	2713;1.0E-4
2735	2736;1.0E-4
2740	2741;1.0E-4
2758	2759;1.0E-4
2763	2764;1.0E-4
2786	2787;1.0E-4
279	280;1.0E-4
2791	2792;1.0E-4
2808	2809;6.7942296E-5
2813	2814;1.0E-4
2836	2837;1.0E-4
284	285;1.0E-4
2841	2842;1.0E-4
2859	2860;1.0E-4
2864	2865;1.0E-4
2887	2888;1.0E-4
2892	2893;1.0E-4
2909	2910;7.275095E-5
2914	2915;1.0E-4
2937	2938;1.0E-4
2942	2943;1.0E-4
2965	2966;1.0E-4
2970	2971;1.0E-4
2988	2989;1.0E-4
2993	2994;1.0E-4
3	4;2.7749997E-5
3005	3006;4.779937E-5
3010	3011;7.68383E-5
3028	3029;1.0E-4
3033	3034;1.0E-4
3056	3057;1.0E-4
306	307;5.5629465E-5
3061	3062;1.0E-4
3079	3080;1.0E-4
3084	3085;1.0E-4
31	32;1.0E-4
3106	3107;5.5629465E-5
311	312;1.0E-4
3111	3112;1.0E-4
3129	3130;1.0E-4
3134	3135;1.0E-4
3157	3158;1.0E-4
3162	3163;1.0E-4
3185	3186;1.0E-4
3190	3191;1.0E-4
3207	3208;6.228505E-5
3212	3213;1.0E-4
3235	3236;1.0E-4
3240	3241;1.0E-4
3258	3259;1.0E-4
3263	3264;1.0E-4
3286	3287;1.0E-4
329	330;1.0E-4
3291	3292;1.0E-4
3308	3309;6.7942296E-5
3313	3314;1.0E-4
3336	3337;1.0E-4
334	335;1.0E-4
3341	3342;1.0E-4
3359	3360;1.0E-4
3364	3365;1.0E-4
3387	3388;1.0E-4
3392	3393;1.0E-4
3409	3410;7.275095E-5
3414	3415;1.0E-4
3437	3438;1.0E-4
3442	3443;1.0E-4
3465	3466;1.0E-4
3470	3471;1.0E-4
3488	3489;1.0E-4
3493	3494;1.0E-4
3515	3516;1.0E-4
3520	3521;1.0E-4
3538	3539;1.0E-4
3543	3544;1.0E-4
3566	3567;1.0E-4
357	358;1.0E-4
3571	3572;1.0E-4
3589	3590;1.0E-4
3594	3595;1.0E-4
3616	3617;1.0E-4
362	363;1.0E-4
3621	3622;1.0E-4
3639	3640;1.0E-4
3644	3645;1.0E-4
3667	3668;1.0E-4
3672	3673;1.0E-4
3695	3696;1.0E-4
3717	3718;1.0E-4
3722	3723;1.0E-4
3745	3746;1.0E-4
3750	3751;1.0E-4
3768	3769;1.0E-4
3773	3774;1.0E-4
3796	3797;1.0E-4
3800	0;1.0E-4
3818	3819;1.0E-4
3823	3824;1.0E-4
3846	3847;1.0E-4
385	386;1.0E-4
3851	3852;1.0E-4
3869	3870;1.0E-4
3874	3875;1.0E-4
3897	3898;1.0E-4
390	391;1.0E-4
3901	3902;0.0
3919	3920;1.0E-4
3924	3925;1.0E-4
3947	3948;1.0E-4
3952	3953;1.0E-4
3975	3976;1.0E-4
3980	3981;1.0E-4
3998	3999;1.0E-4
4015	4016;1.0E-4
4020	4021;1.0E-4
4038	4039;1.0E-4
4043	4044;1.0E-4
4066	4067;1.0E-4
407	408;6.228505E-5
4071	4072;1.0E-4
4089	4090;1.0E-4
4094	4095;1.0E-4
4116	4117;1.0E-4
412	413;1.0E-4
4121	4122;1.0E-4
4139	4140;1.0E-4
4144	4145;1.0E-4
4167	4168;1.0E-4
4172	4173;1.0E-4
4195	4196;1.0E-4
4217	4218;1.0E-4
4222	4223;1.0E-4
4245	4246;1.0E-4
4250	4251;1.0E-4
4268	4269;1.0E-4
4273	4274;1.0E-4
4296	4297;1.0E-4
4300	0;1.0E-4
4318	4319;1.0E-4
4323	4324;1.0E-4
4346	4347;1.0E-4
435	436;1.0E-4
4351	4352;1.0E-4
4369	4370;1.0E-4
4374	4375;1.0E-4
4397	4398;1.0E-4
440	441;1.0E-4
4401	4402;0.0
4419	4420;1.0E-4
4424	4425;1.0E-4
4447	4448;1.0E-4
4452	4453;1.0E-4
4475	4476;1.0E-4
4480	4481;1.0E-4
4498	4499;1.0E-4
4502	4503;1.4999998E-5
4525	4526;1.0E-4
4530	4531;1.0E-4
4548	4549;1.0E-4
4553	4554;1.0E-4
4576	4577;1.0E-4
458	459;1.0E-4
4581	4582;1.0E-4
4599	4600;1.0E-4
4603	4604;2.7749997E-5
4626	4627;1.0E-4
463	464;1.0E-4
4631	4632;1.0E-4
4649	4650;1.0E-4
4654	4655;1.0E-4
4677	4678;1.0E-4
4682	4683;1.0E-4
4704	4705;3.8587496E-5
4727	4728;1.0E-4
4732	4733;1.0E-4
4755	4756;1.0E-4
4760	4761;1.0E-4
4778	4779;1.0E-4
4783	4784;1.0E-4
4805	4806;4.779937E-5
4810	4811;7.68383E-5
4828	4829;1.0E-4
4833	4834;1.0E-4
4856	4857;1.0E-4
486	487;1.0E-4
4861	4862;1.0E-4
4879	4880;1.0E-4
4884	4885;1.0E-4
49	50;1.0E-4
4906	4907;5.5629465E-5
491	492;1.0E-4
4911	4912;1.0E-4
4929	4930;1.0E-4
4934	4935;1.0E-4
4957	4958;1.0E-4
4962	4963;1.0E-4
4985	4986;1.0E-4
4990	4991;1.0E-4
5002	5003;1.4999998E-5
5025	5026;1.0E-4
5030	5031;1.0E-4
5048	5049;1.0E-4
5053	5054;1.0E-4
5076	5077;1.0E-4
508	509;6.7942296E-5
5081	5082;1.0E-4
5099	5100;1.0E-4
5103	5104;2.7749997E-5
5126	5127;1.0E-4
513	514;1.0E-4
5131	5132;1.0E-4
5149	5150;1.0E-4
5154	5155;1.0E-4
5177	5178;1.0E-4
5182	5183;1.0E-4
5204	5205;3.8587496E-5
5227	5228;1.0E-4
5232	5233;1.0E-4
5255	5256;1.0E-4
5260	5261;1.0E-4
5278	5279;1.0E-4
5283	5284;1.0E-4
5305	5306;4.779937E-5
5310	5311;7.68383E-5
5328	5329;1.0E-4
5333	5334;1.0E-4
5356	5357;1.0E-4
536	537;1.0E-4
5361	5362;1.0E-4
5379	5380;1.0E-4
5384	5385;1.0E-4
54	55;1.0E-4
5406	5407;5.5629465E-5
541	542;1.0E-4
5411	5412;1.0E-4
5429	5430;1.0E-4
5434	5435;1.0E-4
5457	5458;1.0E-4
5462	5463;1.0E-4
5485	5486;1.0E-4
5490	5491;1.0E-4
5507	5508;6.228505E-5
5512	5513;1.0E-4
5535	5536;1.0E-4
5540	5541;1.0E-4
5558	5559;1.0E-4
5563	5564;1.0E-4
5586	5587;1.0E-4
559	560;1.0E-4
5591	5592;1.0E-4
5608	5609;6.7942296E-5
5613	5614;1.0E-4
5636	5637;1.0E-4
564	565;1.0E-4
5641	5642;1.0E-4
5659	5660;1.0E-4
5664	5665;1.0E-4
5687	5688;1.0E-4
5692	5693;1.0E-4
5709	5710;7.275095E-5
5714	5715;1.0E-4
5737	5738;1.0E-4
5742	5743;1.0E-4
5765	5766;1.0E-4
5770	5771;1.0E-4
5788	5789;1.0E-4
5793	5794;1.0E-4
5815	5816;1.0E-4
5820	5821;1.0E-4
5838	5839;1.0E-4
5843	5844;1.0E-4
5866	5867;1.0E-4
587	588;1.0E-4
5871	5872;1.0E-4
5889	5890;1.0E-4
5894	5895;1.0E-4
5916	5917;1.0E-4
592	593;1.0E-4
5921	5922;1.0E-4
5939	5940;1.0E-4
5944	5945;1.0E-4
5967	5968;1.0E-4
5972	5973;1.0E-4
5995	5996;1.0E-4
6007	6008;6.228505E-5
6012	6013;1.0E-4
6035	6036;1.0E-4
6040	6041;1.0E-4
6058	6059;1.0E-4
6063	6064;1.0E-4
6086	6087;1.0E-4
609	610;7.275095E-5
6091	6092;1.0E-4
6108	6109;6.7942296E-5
6113	6114;1.0E-4
6136	6137;1.0E-4
614	615;1.0E-4
6141	6142;1.0E-4
6159	6160;1.0E-4
6164	6165;1.0E-4
6187	6188;1.0E-4
6192	6193;1.0E-4
6209	6210;7.275095E-5
6214	6215;1.0E-4
6237	6238;1.0E-4
6242	6243;1.0E-4
6265	6266;1.0E-4
6270	6271;1.0E-4
6288	6289;1.0E-4
6293	6294;1.0E-4
6315	6316;1.0E-4
6320	6321;1.0E-4
6338	6339;1.0E-4
6343	6344;1.0E-4
6366	6367;1.0E-4
637	638;1.0E-4
6371	6372;1.0E-4
6389	6390;1.0E-4
6394	6395;1.0E-4
6416	6417;1.0E-4
642	643;1.0E-4
6421	6422;1.0E-4
6439	6440;1.0E-4
6444	6445;1.0E-4
6467	6468;1.0E-4
6472	6473;1.0E-4
6495	6496;1.0E-4
6517	6518;1.0E-4
6522	6523;1.0E-4
6545	6546;1.0E-4
6550	6551;1.0E-4
6568	6569;1.0E-4
6573	6574;1.0E-4
6596	6597;1.0E-4
6600	0;1.0E-4
6618	6619;1.0E-4
6623	6624;1.0E-4
6646	6647;1.0E-4
665	666;1.0E-4
6651	6652;1.0E-4
6669	6670;1.0E-4
6674	6675;1.0E-4
6697	6698;1.0E-4
670	671;1.0E-4
6701	6702;0.0
6719	6720;1.0E-4
6724	6725;1.0E-4
6747	6748;1.0E-4
6752	6753;1.0E-4
6775	6776;1.0E-4
6780	6781;1.0E-4
6798	6799;1.0E-4
6802	6803;1.4999998E-5
6825	6826;1.0E-4
6830	6831;1.0E-4
6848	6849;1.0E-4
6853	6854;1.0E-4
6876	6877;1.0E-4
688	689;1.0E-4
6881	6882;1.0E-4
6899	6900;1.0E-4
6903	6904;2.7749997E-5
6926	6927;1.0E-4
693	694;1.0E-4
6931	6932;1.0E-4
6949	6950;1.0E-4
6954	6955;1.0E-4
6977	6978;1.0E-4
6982	6983;1.0E-4
7017	7018;1.0E-4
7022	7023;1.0E-4
7045	7046;1.0E-4
7050	7051;1.0E-4
7068	7069;1.0E-4
7073	7074;1.0E-4
7096	7097;1.0E-4
7100	0;1.0E-4
7118	7119;1.0E-4
7123	7124;1.0E-4
7146	7147;1.0E-4
715	716;1.0E-4
7151	7152;1.0E-4
7169	7170;1.0E-4
7174	7175;1.0E-4
7197	7198;1.0E-4
720	721;1.0E-4
7201	7202;0.0
7219	7220;1.0E-4
7224	7225;1.0E-4
7247	7248;1.0E-4
7252	7253;1.0E-4
7275	7276;1.0E-4
7280	7281;1.0E-4
7298	7299;1.0E-4
7302	7303;1.4999998E-5
7325	7326;1.0E-4
7330	7331;1.0E-4
7348	7349;1.0E-4
7353	7354;1.0E-4
7376	7377;1.0E-4
738	739;1.0E-4
7381	7382;1.0E-4
7399	7400;1.0E-4
7403	7404;2.7749997E-5
7426	7427;1.0E-4
743	744;1.0E-4
7431	7432;1.0E-4
7449	7450;1.0E-4
7454	7455;1.0E-4
7477	7478;1.0E-4
7482	7483;1.0E-4
7504	7505;3.8587496E-5
7527	7528;1.0E-4
7532	7533;1.0E-4
7555	7556;1.0E-4
7560	7561;1.0E-4
7578	7579;1.0E-4
7583	7584;1.0E-4
7605	7606;4.779937E-5
7610	7611;7.68383E-5
7628	7629;1.0E-4
7633	7634;1.0E-4
7656	7657;1.0E-4
766	767;1.0E-4
7661	7662;1.0E-4
7679	7680;1.0E-4
7684	7685;1.0E-4
77	78;1.0E-4
7706	7707;5.5629465E-5
771	772;1.0E-4
7711	7712;1.0E-4
7729	7730;1.0E-4
7734	7735;1.0E-4
7757	7758;1.0E-4
7762	7763;1.0E-4
7785	7786;1.0E-4
7790	7791;1.0E-4
7807	7808;6.228505E-5
7812	7813;1.0E-4
7835	7836;1.0E-4
7840	7841;1.0E-4
7858	7859;1.0E-4
7863	7864;1.0E-4
7886	7887;1.0E-4
789	790;1.0E-4
7891	7892;1.0E-4
7908	7909;6.7942296E-5
7913	7914;1.0E-4
7936	7937;1.0E-4
794	795;1.0E-4
7941	7942;1.0E-4
7959	7960;1.0E-4
7964	7965;1.0E-4
7987	7988;1.0E-4
7992	7993;1.0E-4
8004	8005;3.8587496E-5
8027	8028;1.0E-4
8032	8033;1.0E-4
8055	8056;1.0E-4
8060	8061;1.0E-4
8078	8079;1.0E-4
8083	8084;1.0E-4
8105	8106;4.779937E-5
8110	8111;7.68383E-5
8128	8129;1.0E-4
8133	8134;1.0E-4
8156	8157;1.0E-4
816	817;1.0E-4
8161	8162;1.0E-4
8179	8180;1.0E-4
8184	8185;1.0E-4
82	83;1.0E-4
8206	8207;5.5629465E-5
821	822;1.0E-4
8211	8212;1.0E-4
8229	8230;1.0E-4
8234	8235;1.0E-4
8257	8258;1.0E-4
8262	8263;1.0E-4
8285	8286;1.0E-4
8290	8291;1.0E-4
8307	8308;6.228505E-5
8312	8313;1.0E-4
8335	8336;1.0E-4
8340	8341;1.0E-4
8358	8359;1.0E-4
8363	8364;1.0E-4
8386	8387;1.0E-4
839	840;1.0E-4
8391	8392;1.0E-4
8408	8409;6.7942296E-5
8413	8414;1.0E-4
8436	8437;1.0E-4
844	845;1.0E-4
8441	8442;1.0E-4
8459	8460;1.0E-4
8464	8465;1.0E-4
8487	8488;1.0E-4
8492	8493;1.0E-4
8509	8510;7.275095E-5
8514	8515;1.0E-4
8537	8538;1.0E-4
8542	8543;1.0E-4
8565	8566;1.0E-4
8570	8571;1.0E-4
8588	8589;1.0E-4
8593	8594;1.0E-4
8615	8616;1.0E-4
8620	8621;1.0E-4
8638	8639;1.0E-4
8643	8644;1.0E-4
8666	8667;1.0E-4
867	868;1.0E-4
8671	8672;1.0E-4
8689	8690;1.0E-4
8694	8695;1.0E-4
8716	8717;1.0E-4
872	873;1.0E-4
8721	8722;1.0E-4
8739	8740;1.0E-4
8744	8745;1.0E-4
8767	8768;1.0E-4
8772	8773;1.0E-4
8795	8796;1.0E-4
8817	8818;1.0E-4
8822	8823;1.0E-4
8845	8846;1.0E-4
8850	8851;1.0E-4
8868	8869;1.0E-4
8873	8874;1.0E-4
8896	8897;1.0E-4
8900	0;1.0E-4
8918	8919;1.0E-4
8923	8924;1.0E-4
8946	8947;1.0E-4
895	896;1.0E-4
8951	8952;1.0E-4
8969	8970;1.0E-4
8974	8975;1.0E-4
8997	8998;1.0E-4
9009	9010;7.275095E-5
9014	9015;1.0E-4
9037	9038;1.0E-4
9042	9043;1.0E-4
9065	9066;1.0E-4
9070	9071;1.0E-4
9088	9089;1.0E-4
9093	9094;1.0E-4
9115	9116;1.0E-4
9120	9121;1.0E-4
9138	9139;1.0E-4
9143	9144;1.0E-4
9166	9167;1.0E-4
917	918;1.0E-4
9171	9172;1.0E-4
9189	9190;1.0E-4
9194	9195;1.0E-4
9216	9217;1.0E-4
922	923;1.0E-4
9221	9222;1.0E-4
9239	9240;1.0E-4
9244	9245;1.0E-4
9267	9268;1.0E-4
9272	9273;1.0E-4
9295	9296;1.0E-4
9317	9318;1.0E-4
9322	9323;1.0E-4
9345	9346;1.0E-4
9350	9351;1.0E-4
9368	9369;1.0E-4
9373	9374;1.0E-4
9396	9397;1.0E-4
9400	0;1.0E-4
9418	9419;1.0E-4
9423	9424;1.0E-4
9446	9447;1.0E-4
945	946;1.0E-4
9451	9452;1.0E-4
9469	9470;1.0E-4
9474	9475;1.0E-4
9497	9498;1.0E-4
950	951;1.0E-4
9501	9502;0.0
9519	9520;1.0E-4
9524	9525;1.0E-4
9547	9548;1.0E-4
9552	9553;1.0E-4
9575	9576;1.0E-4
9580	9581;1.0E-4
9598	9599;1.0E-4
9602	9603;1.4999998E-5
9625	9626;1.0E-4
9630	9631;1.0E-4
9648	9649;1.0E-4
9653	9654;1.0E-4
9676	9677;1.0E-4
968	969;1.0E-4
9681	9682;1.0E-4
9699	9700;1.0E-4
9703	9704;2.7749997E-5
9726	9727;1.0E-4
973	974;1.0E-4
9731	9732;1.0E-4
9749	9750;1.0E-4
9754	9755;1.0E-4
9777	9778;1.0E-4
9782	9783;1.0E-4
9804	9805;3.8587496E-5
9827	9828;1.0E-4
9832	9833;1.0E-4
9855	9856;1.0E-4
9860	9861;1.0E-4
9878	9879;1.0E-4
9883	9884;1.0E-4
9905	9906;4.779937E-5
9910	9911;7.68383E-5
9928	9929;1.0E-4
9933	9934;1.0E-4
9956	9957;1.0E-4
996	997;1.0E-4
9961	9962;1.0E-4
9979	9980;1.0E-4
9984	9985;1.0E-4
