100	0;1.0E-4
1004	1005;3.8587496E-5
1027	1028;1.0E-4
1032	1033;1.0E-4
1055	1056;1.0E-4
1060	1061;1.0E-4
1078	1079;1.0E-4
1083	1084;1.0E-4
1105	1106;4.779937E-5
1110	1111;7.68383E-5
1128	1129;1.0E-4
1133	1134;1.0E-4
1156	1157;1.0E-4
1161	1162;1.0E-4
1179	1180;1.0E-4
118	119;1.0E-4
1184	1185;1.0E-4
1206	1207;5.5629465E-5
1211	1212;1.0E-4
1229	1230;1.0E-4
123	124;1.0E-4
1234	1235;1.0E-4
1257	1258;1.0E-4
1262	1263;1.0E-4
1285	1286;1.0E-4
1290	1291;1.0E-4
1307	1308;6.228505E-5
1312	1313;1.0E-4
1335	1336;1.0E-4
1340	1341;1.0E-4
1358	1359;1.0E-4
1363	1364;1.0E-4
1386	1387;1.0E-4
1391	1392;1.0E-4
1408	1409;6.7942296E-5
1413	1414;1.0E-4
1436	1437;1.0E-4
1441	1442;1.0E-4
1459	1460;1.0E-4
146	147;1.0E-4
1464	1465;1.0E-4
1487	1488;1.0E-4
1492	1493;1.0E-4
1509	1510;7.275095E-5
151	152;1.0E-4
1514	1515;1.0E-4
1537	1538;1.0E-4
1542	1543;1.0E-4
1565	1566;1.0E-4
1570	1571;1.0E-4
1588	1589;1.0E-4
1593	1594;1.0E-4
1615	1616;1.0E-4
1620	1621;1.0E-4
1638	1639;1.0E-4
1643	1644;1.0E-4
1666	1667;1.0E-4
1671	1672;1.0E-4
1689	1690;1.0E-4
169	170;1.0E-4
1694	1695;1.0E-4
17	18;1.0E-4
1716	1717;1.0E-4
1721	1722;1.0E-4
1739	1740;1.0E-4
174	175;1.0E-4
1744	1745;1.0E-4
1767	1768;1.0E-4
1772	1773;1.0E-4
1795	1796;1.0E-4
1817	1818;1.0E-4
1822	1823;1.0E-4
1845	1846;1.0E-4
1850	1851;1.0E-4
1868	1869;1.0E-4
1873	1874;1.0E-4
1896	1897;1.0E-4
1900	0;1.0E-4
1918	1919;1.0E-4
1923	1924;1.0E-4
1946	1947;1.0E-4
1951	1952;1.0E-4
1969	1970;1.0E-4
197	198;1.0E-4
1974	1975;1.0E-4
1997	1998;1.0E-4
2009	2010;7.275095E-5
201	202;0.0
2014	2015;1.0E-4
2037	2038;1.0E-4
2042	2043;1.0E-4
2065	2066;1.0E-4
2070	2071;1.0E-4
2088	2089;1.0E-4
2093	2094;1.0E-4
2115	2116;1.0E-4
2120	2121;1.0E-4
2138	2139;1.0E-4
2143	2144;1.0E-4
2166	2167;1.0E-4
2171	2172;1.0E-4
2189	2190;1.0E-4
219	220;1.0E-4
2194	2195;1.0E-4
22	23;1.0E-4
2216	2217;1.0E-4
2221	2222;1.0E-4
2239	2240;1.0E-4
224	225;1.0E-4
2244	2245;1.0E-4
2267	2268;1.0E-4
2272	2273;1.0E-4
2295	2296;1.0E-4
2317	2318;1.0E-4
2322	2323;1.0E-4
2345	2346;1.0E-4
2350	2351;1.0E-4
2368	2369;1.0E-4
2373	2374;1.0E-4
2396	2397;1.0E-4
2400	0;1.0E-4
2418	2419;1.0E-4
2423	2424;1.0E-4
2446	2447;1.0E-4
2451	2452;1.0E-4
2469	2470;1.0E-4
247	248;1.0E-4
2474	2475;1.0E-4
2497	2498;1.0E-4
2501	2502;0.0
2519	2520;1.0E-4
252	253;1.0E-4
2524	2525;1.0E-4
2547	2548;1.0E-4
2552	2553;1.0E-4
2575	2576;1.0E-4
2580	2581;1.0E-4
2598	2599;1.0E-4
2602	2603;1.4999998E-5
2625	2626;1.0E-4
2630	2631;1.0E-4
2648	2649;1.0E-4
2653	2654;1.0E-4
2676	2677;1.0E-4
2681	2682;1.0E-4
2699	2700;1.0E-4
2703	2704;2.7749997E-5
2726	2727;1.0E-4
2731	2732;1.0E-4
2749	2750;1.0E-4
275	276;1.0E-4
2754	2755;1.0E-4
2777	2778;1.0E-4
2782	2783;1.0E-4
280	281;1.0E-4
2804	2805;3.8587496E-5
2827	2828;1.0E-4
2832	2833;1.0E-4
2855	2856;1.0E-4
2860	2861;1.0E-4
2878	2879;1.0E-4
2883	2884;1.0E-4
2905	2906;4.779937E-5
2910	2911;7.68383E-5
2928	2929;1.0E-4
2933	2934;1.0E-4
2956	2957;1.0E-4
2961	2962;1.0E-4
2979	2980;1.0E-4
298	299;1.0E-4
2984	2985;1.0E-4
3001	3002;0.0
3019	3020;1.0E-4
302	303;1.4999998E-5
3024	3025;1.0E-4
3047	3048;1.0E-4
3052	3053;1.0E-4
3075	3076;1.0E-4
3080	3081;1.0E-4
3098	3099;1.0E-4
3102	3103;1.4999998E-5
3125	3126;1.0E-4
3130	3131;1.0E-4
3148	3149;1.0E-4
3153	3154;1.0E-4
3176	3177;1.0E-4
3181	3182;1.0E-4
3199	3200;1.0E-4
3203	3204;2.7749997E-5
3226	3227;1.0E-4
3231	3232;1.0E-4
3249	3250;1.0E-4
325	326;1.0E-4
3254	3255;1.0E-4
3277	3278;1.0E-4
3282	3283;1.0E-4
330	331;1.0E-4
3304	3305;3.8587496E-5
3327	3328;1.0E-4
3332	3333;1.0E-4
3355	3356;1.0E-4
3360	3361;1.0E-4
3378	3379;1.0E-4
3383	3384;1.0E-4
3405	3406;4.779937E-5
3410	3411;7.68383E-5
3428	3429;1.0E-4
3433	3434;1.0E-4
3456	3457;1.0E-4
3461	3462;1.0E-4
3479	3480;1.0E-4
348	349;1.0E-4
3484	3485;1.0E-4
3506	3507;5.5629465E-5
3511	3512;1.0E-4
3529	3530;1.0E-4
353	354;1.0E-4
3534	3535;1.0E-4
3557	3558;1.0E-4
3562	3563;1.0E-4
3585	3586;1.0E-4
3590	3591;1.0E-4
3607	3608;6.228505E-5
3612	3613;1.0E-4
3635	3636;1.0E-4
3640	3641;1.0E-4
3658	3659;1.0E-4
3663	3664;1.0E-4
3686	3687;1.0E-4
3691	3692;1.0E-4
3708	3709;6.7942296E-5
3713	3714;1.0E-4
3736	3737;1.0E-4
3741	3742;1.0E-4
3759	3760;1.0E-4
376	377;1.0E-4
3764	3765;1.0E-4
3787	3788;1.0E-4
3792	3793;1.0E-4
3809	3810;7.275095E-5
381	382;1.0E-4
3814	3815;1.0E-4
3837	3838;1.0E-4
3842	3843;1.0E-4
3865	3866;1.0E-4
3870	3871;1.0E-4
3888	3889;1.0E-4
3893	3894;1.0E-4
3915	3916;1.0E-4
3920	3921;1.0E-4
3938	3939;1.0E-4
3943	3944;1.0E-4
3966	3967;1.0E-4
3971	3972;1.0E-4
3989	3990;1.0E-4
399	400;1.0E-4
3994	3995;1.0E-4
4006	4007;5.5629465E-5
4011	4012;1.0E-4
4029	4030;1.0E-4
403	404;2.7749997E-5
4034	4035;1.0E-4
4057	4058;1.0E-4
4062	4063;1.0E-4
4085	4086;1.0E-4
4090	4091;1.0E-4
4107	4108;6.228505E-5
4112	4113;1.0E-4
4135	4136;1.0E-4
4140	4141;1.0E-4
4158	4159;1.0E-4
4163	4164;1.0E-4
4186	4187;1.0E-4
4191	4192;1.0E-4
4208	4209;6.7942296E-5
4213	4214;1.0E-4
4236	4237;1.0E-4
4241	4242;1.0E-4
4259	4260;1.0E-4
426	427;1.0E-4
4264	4265;1.0E-4
4287	4288;1.0E-4
4292	4293;1.0E-4
4309	4310;7.275095E-5
431	432;1.0E-4
4314	4315;1.0E-4
4337	4338;1.0E-4
4342	4343;1.0E-4
4365	4366;1.0E-4
4370	4371;1.0E-4
4388	4389;1.0E-4
4393	4394;1.0E-4
4415	4416;1.0E-4
4420	4421;1.0E-4
4438	4439;1.0E-4
4443	4444;1.0E-4
4466	4467;1.0E-4
4471	4472;1.0E-4
4489	4490;1.0E-4
449	450;1.0E-4
4494	4495;1.0E-4
45	46;1.0E-4
4516	4517;1.0E-4
4521	4522;1.0E-4
4539	4540;1.0E-4
454	455;1.0E-4
4544	4545;1.0E-4
4567	4568;1.0E-4
4572	4573;1.0E-4
4595	4596;1.0E-4
4617	4618;1.0E-4
4622	4623;1.0E-4
4645	4646;1.0E-4
4650	4651;1.0E-4
4668	4669;1.0E-4
4673	4674;1.0E-4
4696	4697;1.0E-4
4700	0;1.0E-4
4718	4719;1.0E-4
4723	4724;1.0E-4
4746	4747;1.0E-4
4751	4752;1.0E-4
4769	4770;1.0E-4
477	478;1.0E-4
4774	4775;1.0E-4
4797	4798;1.0E-4
4801	4802;0.0
4819	4820;1.0E-4
482	483;1.0E-4
4824	4825;1.0E-4
4847	4848;1.0E-4
4852	4853;1.0E-4
4875	4876;1.0E-4
4880	4881;1.0E-4
4898	4899;1.0E-4
4902	4903;1.4999998E-5
4925	4926;1.0E-4
4930	4931;1.0E-4
4948	4949;1.0E-4
4953	4954;1.0E-4
4976	4977;1.0E-4
4981	4982;1.0E-4
4999	5000;1.0E-4
50	51;1.0E-4
5016	5017;1.0E-4
5021	5022;1.0E-4
5039	5040;1.0E-4
504	505;3.8587496E-5
5044	5045;1.0E-4
5067	5068;1.0E-4
5072	5073;1.0E-4
5095	5096;1.0E-4
5117	5118;1.0E-4
5122	5123;1.0E-4
5145	5146;1.0E-4
5150	5151;1.0E-4
5168	5169;1.0E-4
5173	5174;1.0E-4
5196	5197;1.0E-4
5200	0;1.0E-4
5218	5219;1.0E-4
5223	5224;1.0E-4
5246	5247;1.0E-4
5251	5252;1.0E-4
5269	5270;1.0E-4
527	528;1.0E-4
5274	5275;1.0E-4
5297	5298;1.0E-4
5301	5302;0.0
5319	5320;1.0E-4
532	533;1.0E-4
5324	5325;1.0E-4
5347	5348;1.0E-4
5352	5353;1.0E-4
5375	5376;1.0E-4
5380	5381;1.0E-4
5398	5399;1.0E-4
5402	5403;1.4999998E-5
5425	5426;1.0E-4
5430	5431;1.0E-4
5448	5449;1.0E-4
5453	5454;1.0E-4
5476	5477;1.0E-4
5481	5482;1.0E-4
5499	5500;1.0E-4
5503	5504;2.7749997E-5
5526	5527;1.0E-4
5531	5532;1.0E-4
5549	5550;1.0E-4
555	556;1.0E-4
5554	5555;1.0E-4
5577	5578;1.0E-4
5582	5583;1.0E-4
560	561;1.0E-4
5604	5605;3.8587496E-5
5627	5628;1.0E-4
5632	5633;1.0E-4
5655	5656;1.0E-4
5660	5661;1.0E-4
5678	5679;1.0E-4
5683	5684;1.0E-4
5705	5706;4.779937E-5
5710	5711;7.68383E-5
5728	5729;1.0E-4
5733	5734;1.0E-4
5756	5757;1.0E-4
5761	5762;1.0E-4
5779	5780;1.0E-4
578	579;1.0E-4
5784	5785;1.0E-4
5806	5807;5.5629465E-5
5811	5812;1.0E-4
5829	5830;1.0E-4
583	584;1.0E-4
5834	5835;1.0E-4
5857	5858;1.0E-4
5862	5863;1.0E-4
5885	5886;1.0E-4
5890	5891;1.0E-4
5907	5908;6.228505E-5
5912	5913;1.0E-4
5935	5936;1.0E-4
5940	5941;1.0E-4
5958	5959;1.0E-4
5963	5964;1.0E-4
5986	5987;1.0E-4
5991	5992;1.0E-4
6003	6004;2.7749997E-5
6026	6027;1.0E-4
6031	6032;1.0E-4
6049	6050;1.0E-4
605	606;4.779937E-5
6054	6055;1.0E-4
6077	6078;1.0E-4
6082	6083;1.0E-4
610	611;7.68383E-5
6104	6105;3.8587496E-5
6127	6128;1.0E-4
6132	6133;1.0E-4
6155	6156;1.0E-4
6160	6161;1.0E-4
6178	6179;1.0E-4
6183	6184;1.0E-4
6205	6206;4.779937E-5
6210	6211;7.68383E-5
6228	6229;1.0E-4
6233	6234;1.0E-4
6256	6257;1.0E-4
6261	6262;1.0E-4
6279	6280;1.0E-4
628	629;1.0E-4
6284	6285;1.0E-4
6306	6307;5.5629465E-5
6311	6312;1.0E-4
6329	6330;1.0E-4
633	634;1.0E-4
6334	6335;1.0E-4
6357	6358;1.0E-4
6362	6363;1.0E-4
6385	6386;1.0E-4
6390	6391;1.0E-4
6407	6408;6.228505E-5
6412	6413;1.0E-4
6435	6436;1.0E-4
6440	6441;1.0E-4
6458	6459;1.0E-4
6463	6464;1.0E-4
6486	6487;1.0E-4
6491	6492;1.0E-4
6508	6509;6.7942296E-5
6513	6514;1.0E-4
6536	6537;1.0E-4
6541	6542;1.0E-4
6559	6560;1.0E-4
656	657;1.0E-4
6564	6565;1.0E-4
6587	6588;1.0E-4
6592	6593;1.0E-4
6609	6610;7.275095E-5
661	662;1.0E-4
6614	6615;1.0E-4
6637	6638;1.0E-4
6642	6643;1.0E-4
6665	6666;1.0E-4
6670	6671;1.0E-4
6688	6689;1.0E-4
6693	6694;1.0E-4
6715	6716;1.0E-4
6720	6721;1.0E-4
6738	6739;1.0E-4
6743	6744;1.0E-4
6766	6767;1.0E-4
6771	6772;1.0E-4
6789	6790;1.0E-4
679	680;1.0E-4
6794	6795;1.0E-4
68	69;1.0E-4
6816	6817;1.0E-4
6821	6822;1.0E-4
6839	6840;1.0E-4
684	685;1.0E-4
6844	6845;1.0E-4
6867	6868;1.0E-4
6872	6873;1.0E-4
6895	6896;1.0E-4
6917	6918;1.0E-4
6922	6923;1.0E-4
6945	6946;1.0E-4
6950	6951;1.0E-4
6968	6969;1.0E-4
6973	6974;1.0E-4
6996	6997;1.0E-4
7008	7009;6.7942296E-5
7013	7014;1.0E-4
7036	7037;1.0E-4
7041	7042;1.0E-4
7059	7060;1.0E-4
706	707;5.5629465E-5
7064	7065;1.0E-4
7087	7088;1.0E-4
7092	7093;1.0E-4
7109	7110;7.275095E-5
711	712;1.0E-4
7114	7115;1.0E-4
7137	7138;1.0E-4
7142	7143;1.0E-4
7165	7166;1.0E-4
7170	7171;1.0E-4
7188	7189;1.0E-4
7193	7194;1.0E-4
7215	7216;1.0E-4
7220	7221;1.0E-4
7238	7239;1.0E-4
7243	7244;1.0E-4
7266	7267;1.0E-4
7271	7272;1.0E-4
7289	7290;1.0E-4
729	730;1.0E-4
7294	7295;1.0E-4
73	74;1.0E-4
7316	7317;1.0E-4
7321	7322;1.0E-4
7339	7340;1.0E-4
734	735;1.0E-4
7344	7345;1.0E-4
7367	7368;1.0E-4
7372	7373;1.0E-4
7395	7396;1.0E-4
7417	7418;1.0E-4
7422	7423;1.0E-4
7445	7446;1.0E-4
7450	7451;1.0E-4
7468	7469;1.0E-4
7473	7474;1.0E-4
7496	7497;1.0E-4
7500	0;1.0E-4
7518	7519;1.0E-4
7523	7524;1.0E-4
7546	7547;1.0E-4
7551	7552;1.0E-4
7569	7570;1.0E-4
757	758;1.0E-4
7574	7575;1.0E-4
7597	7598;1.0E-4
7601	7602;0.0
7619	7620;1.0E-4
762	763;1.0E-4
7624	7625;1.0E-4
7647	7648;1.0E-4
7652	7653;1.0E-4
7675	7676;1.0E-4
7680	7681;1.0E-4
7698	7699;1.0E-4
7702	7703;1.4999998E-5
7725	7726;1.0E-4
7730	7731;1.0E-4
7748	7749;1.0E-4
7753	7754;1.0E-4
7776	7777;1.0E-4
7781	7782;1.0E-4
7799	7800;1.0E-4
7803	7804;2.7749997E-5
7826	7827;1.0E-4
7831	7832;1.0E-4
7849	7850;1.0E-4
785	786;1.0E-4
7854	7855;1.0E-4
7877	7878;1.0E-4
7882	7883;1.0E-4
790	791;1.0E-4
7904	7905;3.8587496E-5
7927	7928;1.0E-4
7932	7933;1.0E-4
7955	7956;1.0E-4
7960	7961;1.0E-4
7978	7979;1.0E-4
7983	7984;1.0E-4
8000	0;1.0E-4
8018	8019;1.0E-4
8023	8024;1.0E-4
8046	8047;1.0E-4
8051	8052;1.0E-4
8069	8070;1.0E-4
807	808;6.228505E-5
8074	8075;1.0E-4
8097	8098;1.0E-4
8101	8102;0.0
8119	8120;1.0E-4
812	813;1.0E-4
8124	8125;1.0E-4
8147	8148;1.0E-4
8152	8153;1.0E-4
8175	8176;1.0E-4
8180	8181;1.0E-4
8198	8199;1.0E-4
8202	8203;1.4999998E-5
8225	8226;1.0E-4
8230	8231;1.0E-4
8248	8249;1.0E-4
8253	8254;1.0E-4
8276	8277;1.0E-4
8281	8282;1.0E-4
8299	8300;1.0E-4
8303	8304;2.7749997E-5
8326	8327;1.0E-4
8331	8332;1.0E-4
8349	8350;1.0E-4
835	836;1.0E-4
8354	8355;1.0E-4
8377	8378;1.0E-4
8382	8383;1.0E-4
840	841;1.0E-4
8404	8405;3.8587496E-5
8427	8428;1.0E-4
8432	8433;1.0E-4
8455	8456;1.0E-4
8460	8461;1.0E-4
8478	8479;1.0E-4
8483	8484;1.0E-4
8505	8506;4.779937E-5
8510	8511;7.68383E-5
8528	8529;1.0E-4
8533	8534;1.0E-4
8556	8557;1.0E-4
8561	8562;1.0E-4
8579	8580;1.0E-4
858	859;1.0E-4
8584	8585;1.0E-4
8606	8607;5.5629465E-5
8611	8612;1.0E-4
8629	8630;1.0E-4
863	864;1.0E-4
8634	8635;1.0E-4
8657	8658;1.0E-4
8662	8663;1.0E-4
8685	8686;1.0E-4
8690	8691;1.0E-4
8707	8708;6.228505E-5
8712	8713;1.0E-4
8735	8736;1.0E-4
8740	8741;1.0E-4
8758	8759;1.0E-4
8763	8764;1.0E-4
8786	8787;1.0E-4
8791	8792;1.0E-4
8808	8809;6.7942296E-5
8813	8814;1.0E-4
8836	8837;1.0E-4
8841	8842;1.0E-4
8859	8860;1.0E-4
886	887;1.0E-4
8864	8865;1.0E-4
8887	8888;1.0E-4
8892	8893;1.0E-4
8909	8910;7.275095E-5
891	892;1.0E-4
8914	8915;1.0E-4
8937	8938;1.0E-4
8942	8943;1.0E-4
8965	8966;1.0E-4
8970	8971;1.0E-4
8988	8989;1.0E-4
8993	8994;1.0E-4
9005	9006;4.779937E-5
9010	9011;7.68383E-5
9028	9029;1.0E-4
9033	9034;1.0E-4
9056	9057;1.0E-4
9061	9062;1.0E-4
9079	9080;1.0E-4
908	909;6.7942296E-5
9084	9085;1.0E-4
9106	9107;5.5629465E-5
9111	9112;1.0E-4
9129	9130;1.0E-4
913	914;1.0E-4
9134	9135;1.0E-4
9157	9158;1.0E-4
9162	9163;1.0E-4
9185	9186;1.0E-4
9190	9191;1.0E-4
9207	9208;6.228505E-5
9212	9213;1.0E-4
9235	9236;1.0E-4
9240	9241;1.0E-4
9258	9259;1.0E-4
9263	9264;1.0E-4
9286	9287;1.0E-4
9291	9292;1.0E-4
9308	9309;6.7942296E-5
9313	9314;1.0E-4
9336	9337;1.0E-4
9341	9342;1.0E-4
9359	9360;1.0E-4
936	937;1.0E-4
9364	9365;1.0E-4
9387	9388;1.0E-4
9392	9393;1.0E-4
9409	9410;7.275095E-5
941	942;1.0E-4
9414	9415;1.0E-4
9437	9438;1.0E-4
9442	9443;1.0E-4
9465	9466;1.0E-4
9470	9471;1.0E-4
9488	9489;1.0E-4
9493	9494;1.0E-4
9515	9516;1.0E-4
9520	9521;1.0E-4
9538	9539;1.0E-4
9543	9544;1.0E-4
9566	9567;1.0E-4
9571	9572;1.0E-4
9589	9590;1.0E-4
959	960;1.0E-4
9594	9595;1.0E-4
96	97;1.0E-4
9616	9617;1.0E-4
9621	9622;1.0E-4
9639	9640;1.0E-4
964	965;1.0E-4
9644	9645;1.0E-4
9667	9668;1.0E-4
9672	9673;1.0E-4
9695	9696;1.0E-4
9717	9718;1.0E-4
9722	9723;1.0E-4
9745	9746;1.0E-4
9750	9751;1.0E-4
9768	9769;1.0E-4
9773	9774;1.0E-4
9796	9797;1.0E-4
9800	0;1.0E-4
9818	9819;1.0E-4
9823	9824;1.0E-4
9846	9847;1.0E-4
9851	9852;1.0E-4
9869	9870;1.0E-4
987	988;1.0E-4
9874	9875;1.0E-4
9897	9898;1.0E-4
9901	9902;0.0
9919	9920;1.0E-4
992	993;1.0E-4
9924	9925;1.0E-4
9947	9948;1.0E-4
9952	9953;1.0E-4
9975	9976;1.0E-4
9980	9981;1.0E-4
9998	9999;1.0E-4
