1000	0;1.0E-4
1018	1019;1.0E-4
1023	1024;1.0E-4
1046	1047;1.0E-4
1051	1052;1.0E-4
1069	1070;1.0E-4
1074	1075;1.0E-4
109	110;7.275095E-5
1097	1098;1.0E-4
1101	1102;0.0
1119	1120;1.0E-4
1124	1125;1.0E-4
114	115;1.0E-4
1147	1148;1.0E-4
1152	1153;1.0E-4
1175	1176;1.0E-4
1180	1181;1.0E-4
1198	1199;1.0E-4
1202	1203;1.4999998E-5
1225	1226;1.0E-4
1230	1231;1.0E-4
1248	1249;1.0E-4
1253	1254;1.0E-4
1276	1277;1.0E-4
1281	1282;1.0E-4
1299	1300;1.0E-4
13	14;1.0E-4
1303	1304;2.7749997E-5
1326	1327;1.0E-4
1331	1332;1.0E-4
1349	1350;1.0E-4
1354	1355;1.0E-4
137	138;1.0E-4
1377	1378;1.0E-4
1382	1383;1.0E-4
1404	1405;3.8587496E-5
142	143;1.0E-4
1427	1428;1.0E-4
1432	1433;1.0E-4
1455	1456;1.0E-4
1460	1461;1.0E-4
1478	1479;1.0E-4
1483	1484;1.0E-4
1505	1506;4.779937E-5
1510	1511;7.68383E-5
1528	1529;1.0E-4
1533	1534;1.0E-4
1556	1557;1.0E-4
1561	1562;1.0E-4
1579	1580;1.0E-4
1584	1585;1.0E-4
1606	1607;5.5629465E-5
1611	1612;1.0E-4
1629	1630;1.0E-4
1634	1635;1.0E-4
165	166;1.0E-4
1657	1658;1.0E-4
1662	1663;1.0E-4
1685	1686;1.0E-4
1690	1691;1.0E-4
170	171;1.0E-4
1707	1708;6.228505E-5
1712	1713;1.0E-4
1735	1736;1.0E-4
1740	1741;1.0E-4
1758	1759;1.0E-4
1763	1764;1.0E-4
1786	1787;1.0E-4
1791	1792;1.0E-4
1808	1809;6.7942296E-5
1813	1814;1.0E-4
1836	1837;1.0E-4
1841	1842;1.0E-4
1859	1860;1.0E-4
1864	1865;1.0E-4
188	189;1.0E-4
1887	1888;1.0E-4
1892	1893;1.0E-4
1909	1910;7.275095E-5
1914	1915;1.0E-4
193	194;1.0E-4
1937	1938;1.0E-4
1942	1943;1.0E-4
1965	1966;1.0E-4
1970	1971;1.0E-4
1988	1989;1.0E-4
1993	1994;1.0E-4
2005	2006;4.779937E-5
2010	2011;7.68383E-5
2028	2029;1.0E-4
2033	2034;1.0E-4
2056	2057;1.0E-4
2061	2062;1.0E-4
2079	2080;1.0E-4
2084	2085;1.0E-4
2106	2107;5.5629465E-5
2111	2112;1.0E-4
2129	2130;1.0E-4
2134	2135;1.0E-4
215	216;1.0E-4
2157	2158;1.0E-4
2162	2163;1.0E-4
2185	2186;1.0E-4
2190	2191;1.0E-4
220	221;1.0E-4
2207	2208;6.228505E-5
2212	2213;1.0E-4
2235	2236;1.0E-4
2240	2241;1.0E-4
2258	2259;1.0E-4
2263	2264;1.0E-4
2286	2287;1.0E-4
2291	2292;1.0E-4
2308	2309;6.7942296E-5
2313	2314;1.0E-4
2336	2337;1.0E-4
2341	2342;1.0E-4
2359	2360;1.0E-4
2364	2365;1.0E-4
238	239;1.0E-4
2387	2388;1.0E-4
2392	2393;1.0E-4
2409	2410;7.275095E-5
2414	2415;1.0E-4
243	244;1.0E-4
2437	2438;1.0E-4
2442	2443;1.0E-4
2465	2466;1.0E-4
2470	2471;1.0E-4
2488	2489;1.0E-4
2493	2494;1.0E-4
2515	2516;1.0E-4
2520	2521;1.0E-4
2538	2539;1.0E-4
2543	2544;1.0E-4
2566	2567;1.0E-4
2571	2572;1.0E-4
2589	2590;1.0E-4
2594	2595;1.0E-4
2616	2617;1.0E-4
2621	2622;1.0E-4
2639	2640;1.0E-4
2644	2645;1.0E-4
266	267;1.0E-4
2667	2668;1.0E-4
2672	2673;1.0E-4
2695	2696;1.0E-4
271	272;1.0E-4
2717	2718;1.0E-4
2722	2723;1.0E-4
2745	2746;1.0E-4
2750	2751;1.0E-4
2768	2769;1.0E-4
2773	2774;1.0E-4
2796	2797;1.0E-4
2800	0;1.0E-4
2818	2819;1.0E-4
2823	2824;1.0E-4
2846	2847;1.0E-4
2851	2852;1.0E-4
2869	2870;1.0E-4
2874	2875;1.0E-4
289	290;1.0E-4
2897	2898;1.0E-4
2901	2902;0.0
2919	2920;1.0E-4
2924	2925;1.0E-4
294	295;1.0E-4
2947	2948;1.0E-4
2952	2953;1.0E-4
2975	2976;1.0E-4
2980	2981;1.0E-4
2998	2999;1.0E-4
3015	3016;1.0E-4
3020	3021;1.0E-4
3038	3039;1.0E-4
3043	3044;1.0E-4
3066	3067;1.0E-4
3071	3072;1.0E-4
3089	3090;1.0E-4
3094	3095;1.0E-4
3116	3117;1.0E-4
3121	3122;1.0E-4
3139	3140;1.0E-4
3144	3145;1.0E-4
316	317;1.0E-4
3167	3168;1.0E-4
3172	3173;1.0E-4
3195	3196;1.0E-4
321	322;1.0E-4
3217	3218;1.0E-4
3222	3223;1.0E-4
3245	3246;1.0E-4
3250	3251;1.0E-4
3268	3269;1.0E-4
3273	3274;1.0E-4
3296	3297;1.0E-4
3300	0;1.0E-4
3318	3319;1.0E-4
3323	3324;1.0E-4
3346	3347;1.0E-4
3351	3352;1.0E-4
3369	3370;1.0E-4
3374	3375;1.0E-4
339	340;1.0E-4
3397	3398;1.0E-4
3401	3402;0.0
3419	3420;1.0E-4
3424	3425;1.0E-4
344	345;1.0E-4
3447	3448;1.0E-4
3452	3453;1.0E-4
3475	3476;1.0E-4
3480	3481;1.0E-4
3498	3499;1.0E-4
3502	3503;1.4999998E-5
3525	3526;1.0E-4
3530	3531;1.0E-4
3548	3549;1.0E-4
3553	3554;1.0E-4
3576	3577;1.0E-4
3581	3582;1.0E-4
3599	3600;1.0E-4
36	37;1.0E-4
3603	3604;2.7749997E-5
3626	3627;1.0E-4
3631	3632;1.0E-4
3649	3650;1.0E-4
3654	3655;1.0E-4
367	368;1.0E-4
3677	3678;1.0E-4
3682	3683;1.0E-4
3704	3705;3.8587496E-5
372	373;1.0E-4
3727	3728;1.0E-4
3732	3733;1.0E-4
3755	3756;1.0E-4
3760	3761;1.0E-4
3778	3779;1.0E-4
3783	3784;1.0E-4
3805	3806;4.779937E-5
3810	3811;7.68383E-5
3828	3829;1.0E-4
3833	3834;1.0E-4
3856	3857;1.0E-4
3861	3862;1.0E-4
3879	3880;1.0E-4
3884	3885;1.0E-4
3906	3907;5.5629465E-5
3911	3912;1.0E-4
3929	3930;1.0E-4
3934	3935;1.0E-4
395	396;1.0E-4
3957	3958;1.0E-4
3962	3963;1.0E-4
3985	3986;1.0E-4
3990	3991;1.0E-4
4002	4003;1.4999998E-5
4025	4026;1.0E-4
4030	4031;1.0E-4
4048	4049;1.0E-4
4053	4054;1.0E-4
4076	4077;1.0E-4
4081	4082;1.0E-4
4099	4100;1.0E-4
41	42;1.0E-4
4103	4104;2.7749997E-5
4126	4127;1.0E-4
4131	4132;1.0E-4
4149	4150;1.0E-4
4154	4155;1.0E-4
417	418;1.0E-4
4177	4178;1.0E-4
4182	4183;1.0E-4
4204	4205;3.8587496E-5
422	423;1.0E-4
4227	4228;1.0E-4
4232	4233;1.0E-4
4255	4256;1.0E-4
4260	4261;1.0E-4
4278	4279;1.0E-4
4283	4284;1.0E-4
4305	4306;4.779937E-5
4310	4311;7.68383E-5
4328	4329;1.0E-4
4333	4334;1.0E-4
4356	4357;1.0E-4
4361	4362;1.0E-4
4379	4380;1.0E-4
4384	4385;1.0E-4
4406	4407;5.5629465E-5
4411	4412;1.0E-4
4429	4430;1.0E-4
4434	4435;1.0E-4
445	446;1.0E-4
4457	4458;1.0E-4
4462	4463;1.0E-4
4485	4486;1.0E-4
4490	4491;1.0E-4
450	451;1.0E-4
4507	4508;6.228505E-5
4512	4513;1.0E-4
4535	4536;1.0E-4
4540	4541;1.0E-4
4558	4559;1.0E-4
4563	4564;1.0E-4
4586	4587;1.0E-4
4591	4592;1.0E-4
4608	4609;6.7942296E-5
4613	4614;1.0E-4
4636	4637;1.0E-4
4641	4642;1.0E-4
4659	4660;1.0E-4
4664	4665;1.0E-4
468	469;1.0E-4
4687	4688;1.0E-4
4692	4693;1.0E-4
4709	4710;7.275095E-5
4714	4715;1.0E-4
473	474;1.0E-4
4737	4738;1.0E-4
4742	4743;1.0E-4
4765	4766;1.0E-4
4770	4771;1.0E-4
4788	4789;1.0E-4
4793	4794;1.0E-4
4815	4816;1.0E-4
4820	4821;1.0E-4
4838	4839;1.0E-4
4843	4844;1.0E-4
4866	4867;1.0E-4
4871	4872;1.0E-4
4889	4890;1.0E-4
4894	4895;1.0E-4
4916	4917;1.0E-4
4921	4922;1.0E-4
4939	4940;1.0E-4
4944	4945;1.0E-4
496	497;1.0E-4
4967	4968;1.0E-4
4972	4973;1.0E-4
4995	4996;1.0E-4
500	0;1.0E-4
5007	5008;6.228505E-5
5012	5013;1.0E-4
5035	5036;1.0E-4
5040	5041;1.0E-4
5058	5059;1.0E-4
5063	5064;1.0E-4
5086	5087;1.0E-4
5091	5092;1.0E-4
5108	5109;6.7942296E-5
5113	5114;1.0E-4
5136	5137;1.0E-4
5141	5142;1.0E-4
5159	5160;1.0E-4
5164	5165;1.0E-4
518	519;1.0E-4
5187	5188;1.0E-4
5192	5193;1.0E-4
5209	5210;7.275095E-5
5214	5215;1.0E-4
523	524;1.0E-4
5237	5238;1.0E-4
5242	5243;1.0E-4
5265	5266;1.0E-4
5270	5271;1.0E-4
5288	5289;1.0E-4
5293	5294;1.0E-4
5315	5316;1.0E-4
5320	5321;1.0E-4
5338	5339;1.0E-4
5343	5344;1.0E-4
5366	5367;1.0E-4
5371	5372;1.0E-4
5389	5390;1.0E-4
5394	5395;1.0E-4
5416	5417;1.0E-4
5421	5422;1.0E-4
5439	5440;1.0E-4
5444	5445;1.0E-4
546	547;1.0E-4
5467	5468;1.0E-4
5472	5473;1.0E-4
5495	5496;1.0E-4
551	552;1.0E-4
5517	5518;1.0E-4
5522	5523;1.0E-4
5545	5546;1.0E-4
5550	5551;1.0E-4
5568	5569;1.0E-4
5573	5574;1.0E-4
5596	5597;1.0E-4
5600	0;1.0E-4
5618	5619;1.0E-4
5623	5624;1.0E-4
5646	5647;1.0E-4
5651	5652;1.0E-4
5669	5670;1.0E-4
5674	5675;1.0E-4
569	570;1.0E-4
5697	5698;1.0E-4
5701	5702;0.0
5719	5720;1.0E-4
5724	5725;1.0E-4
574	575;1.0E-4
5747	5748;1.0E-4
5752	5753;1.0E-4
5775	5776;1.0E-4
5780	5781;1.0E-4
5798	5799;1.0E-4
5802	5803;1.4999998E-5
5825	5826;1.0E-4
5830	5831;1.0E-4
5848	5849;1.0E-4
5853	5854;1.0E-4
5876	5877;1.0E-4
5881	5882;1.0E-4
5899	5900;1.0E-4
59	60;1.0E-4
5903	5904;2.7749997E-5
5926	5927;1.0E-4
5931	5932;1.0E-4
5949	5950;1.0E-4
5954	5955;1.0E-4
597	598;1.0E-4
5977	5978;1.0E-4
5982	5983;1.0E-4
601	602;0.0
6017	6018;1.0E-4
6022	6023;1.0E-4
6045	6046;1.0E-4
6050	6051;1.0E-4
6068	6069;1.0E-4
6073	6074;1.0E-4
6096	6097;1.0E-4
6100	0;1.0E-4
6118	6119;1.0E-4
6123	6124;1.0E-4
6146	6147;1.0E-4
6151	6152;1.0E-4
6169	6170;1.0E-4
6174	6175;1.0E-4
619	620;1.0E-4
6197	6198;1.0E-4
6201	6202;0.0
6219	6220;1.0E-4
6224	6225;1.0E-4
624	625;1.0E-4
6247	6248;1.0E-4
6252	6253;1.0E-4
6275	6276;1.0E-4
6280	6281;1.0E-4
6298	6299;1.0E-4
6302	6303;1.4999998E-5
6325	6326;1.0E-4
6330	6331;1.0E-4
6348	6349;1.0E-4
6353	6354;1.0E-4
6376	6377;1.0E-4
6381	6382;1.0E-4
6399	6400;1.0E-4
64	65;1.0E-4
6403	6404;2.7749997E-5
6426	6427;1.0E-4
6431	6432;1.0E-4
6449	6450;1.0E-4
6454	6455;1.0E-4
647	648;1.0E-4
6477	6478;1.0E-4
6482	6483;1.0E-4
6504	6505;3.8587496E-5
652	653;1.0E-4
6527	6528;1.0E-4
6532	6533;1.0E-4
6555	6556;1.0E-4
6560	6561;1.0E-4
6578	6579;1.0E-4
6583	6584;1.0E-4
6605	6606;4.779937E-5
6610	6611;7.68383E-5
6628	6629;1.0E-4
6633	6634;1.0E-4
6656	6657;1.0E-4
6661	6662;1.0E-4
6679	6680;1.0E-4
6684	6685;1.0E-4
6706	6707;5.5629465E-5
6711	6712;1.0E-4
6729	6730;1.0E-4
6734	6735;1.0E-4
675	676;1.0E-4
6757	6758;1.0E-4
6762	6763;1.0E-4
6785	6786;1.0E-4
6790	6791;1.0E-4
680	681;1.0E-4
6807	6808;6.228505E-5
6812	6813;1.0E-4
6835	6836;1.0E-4
6840	6841;1.0E-4
6858	6859;1.0E-4
6863	6864;1.0E-4
6886	6887;1.0E-4
6891	6892;1.0E-4
6908	6909;6.7942296E-5
6913	6914;1.0E-4
6936	6937;1.0E-4
6941	6942;1.0E-4
6959	6960;1.0E-4
6964	6965;1.0E-4
698	699;1.0E-4
6987	6988;1.0E-4
6992	6993;1.0E-4
7004	7005;3.8587496E-5
702	703;1.4999998E-5
7027	7028;1.0E-4
7032	7033;1.0E-4
7055	7056;1.0E-4
7060	7061;1.0E-4
7078	7079;1.0E-4
7083	7084;1.0E-4
7105	7106;4.779937E-5
7110	7111;7.68383E-5
7128	7129;1.0E-4
7133	7134;1.0E-4
7156	7157;1.0E-4
7161	7162;1.0E-4
7179	7180;1.0E-4
7184	7185;1.0E-4
7206	7207;5.5629465E-5
7211	7212;1.0E-4
7229	7230;1.0E-4
7234	7235;1.0E-4
725	726;1.0E-4
7257	7258;1.0E-4
7262	7263;1.0E-4
7285	7286;1.0E-4
7290	7291;1.0E-4
730	731;1.0E-4
7307	7308;6.228505E-5
7312	7313;1.0E-4
7335	7336;1.0E-4
7340	7341;1.0E-4
7358	7359;1.0E-4
7363	7364;1.0E-4
7386	7387;1.0E-4
7391	7392;1.0E-4
7408	7409;6.7942296E-5
7413	7414;1.0E-4
7436	7437;1.0E-4
7441	7442;1.0E-4
7459	7460;1.0E-4
7464	7465;1.0E-4
748	749;1.0E-4
7487	7488;1.0E-4
7492	7493;1.0E-4
7509	7510;7.275095E-5
7514	7515;1.0E-4
753	754;1.0E-4
7537	7538;1.0E-4
7542	7543;1.0E-4
7565	7566;1.0E-4
7570	7571;1.0E-4
7588	7589;1.0E-4
7593	7594;1.0E-4
7615	7616;1.0E-4
7620	7621;1.0E-4
7638	7639;1.0E-4
7643	7644;1.0E-4
7666	7667;1.0E-4
7671	7672;1.0E-4
7689	7690;1.0E-4
7694	7695;1.0E-4
7716	7717;1.0E-4
7721	7722;1.0E-4
7739	7740;1.0E-4
7744	7745;1.0E-4
776	777;1.0E-4
7767	7768;1.0E-4
7772	7773;1.0E-4
7795	7796;1.0E-4
781	782;1.0E-4
7817	7818;1.0E-4
7822	7823;1.0E-4
7845	7846;1.0E-4
7850	7851;1.0E-4
7868	7869;1.0E-4
7873	7874;1.0E-4
7896	7897;1.0E-4
7900	0;1.0E-4
7918	7919;1.0E-4
7923	7924;1.0E-4
7946	7947;1.0E-4
7951	7952;1.0E-4
7969	7970;1.0E-4
7974	7975;1.0E-4
799	800;1.0E-4
7997	7998;1.0E-4
8	9;6.7942296E-5
8009	8010;7.275095E-5
8014	8015;1.0E-4
803	804;2.7749997E-5
8037	8038;1.0E-4
8042	8043;1.0E-4
8065	8066;1.0E-4
8070	8071;1.0E-4
8088	8089;1.0E-4
8093	8094;1.0E-4
8115	8116;1.0E-4
8120	8121;1.0E-4
8138	8139;1.0E-4
8143	8144;1.0E-4
8166	8167;1.0E-4
8171	8172;1.0E-4
8189	8190;1.0E-4
8194	8195;1.0E-4
8216	8217;1.0E-4
8221	8222;1.0E-4
8239	8240;1.0E-4
8244	8245;1.0E-4
826	827;1.0E-4
8267	8268;1.0E-4
8272	8273;1.0E-4
8295	8296;1.0E-4
831	832;1.0E-4
8317	8318;1.0E-4
8322	8323;1.0E-4
8345	8346;1.0E-4
8350	8351;1.0E-4
8368	8369;1.0E-4
8373	8374;1.0E-4
8396	8397;1.0E-4
8400	0;1.0E-4
8418	8419;1.0E-4
8423	8424;1.0E-4
8446	8447;1.0E-4
8451	8452;1.0E-4
8469	8470;1.0E-4
8474	8475;1.0E-4
849	850;1.0E-4
8497	8498;1.0E-4
8501	8502;0.0
8519	8520;1.0E-4
8524	8525;1.0E-4
854	855;1.0E-4
8547	8548;1.0E-4
8552	8553;1.0E-4
8575	8576;1.0E-4
8580	8581;1.0E-4
8598	8599;1.0E-4
8602	8603;1.4999998E-5
8625	8626;1.0E-4
8630	8631;1.0E-4
8648	8649;1.0E-4
8653	8654;1.0E-4
8676	8677;1.0E-4
8681	8682;1.0E-4
8699	8700;1.0E-4
87	88;1.0E-4
8703	8704;2.7749997E-5
8726	8727;1.0E-4
8731	8732;1.0E-4
8749	8750;1.0E-4
8754	8755;1.0E-4
877	878;1.0E-4
8777	8778;1.0E-4
8782	8783;1.0E-4
8804	8805;3.8587496E-5
882	883;1.0E-4
8827	8828;1.0E-4
8832	8833;1.0E-4
8855	8856;1.0E-4
8860	8861;1.0E-4
8878	8879;1.0E-4
8883	8884;1.0E-4
8905	8906;4.779937E-5
8910	8911;7.68383E-5
8928	8929;1.0E-4
8933	8934;1.0E-4
8956	8957;1.0E-4
8961	8962;1.0E-4
8979	8980;1.0E-4
8984	8985;1.0E-4
9001	9002;0.0
9019	9020;1.0E-4
9024	9025;1.0E-4
904	905;3.8587496E-5
9047	9048;1.0E-4
9052	9053;1.0E-4
9075	9076;1.0E-4
9080	9081;1.0E-4
9098	9099;1.0E-4
9102	9103;1.4999998E-5
9125	9126;1.0E-4
9130	9131;1.0E-4
9148	9149;1.0E-4
9153	9154;1.0E-4
9176	9177;1.0E-4
9181	9182;1.0E-4
9199	9200;1.0E-4
92	93;1.0E-4
9203	9204;2.7749997E-5
9226	9227;1.0E-4
9231	9232;1.0E-4
9249	9250;1.0E-4
9254	9255;1.0E-4
927	928;1.0E-4
9277	9278;1.0E-4
9282	9283;1.0E-4
9304	9305;3.8587496E-5
932	933;1.0E-4
9327	9328;1.0E-4
9332	9333;1.0E-4
9355	9356;1.0E-4
9360	9361;1.0E-4
9378	9379;1.0E-4
9383	9384;1.0E-4
9405	9406;4.779937E-5
9410	9411;7.68383E-5
9428	9429;1.0E-4
9433	9434;1.0E-4
9456	9457;1.0E-4
9461	9462;1.0E-4
9479	9480;1.0E-4
9484	9485;1.0E-4
9506	9507;5.5629465E-5
9511	9512;1.0E-4
9529	9530;1.0E-4
9534	9535;1.0E-4
955	956;1.0E-4
9557	9558;1.0E-4
9562	9563;1.0E-4
9585	9586;1.0E-4
9590	9591;1.0E-4
960	961;1.0E-4
9607	9608;6.228505E-5
9612	9613;1.0E-4
9635	9636;1.0E-4
9640	9641;1.0E-4
9658	9659;1.0E-4
9663	9664;1.0E-4
9686	9687;1.0E-4
9691	9692;1.0E-4
9708	9709;6.7942296E-5
9713	9714;1.0E-4
9736	9737;1.0E-4
9741	9742;1.0E-4
9759	9760;1.0E-4
9764	9765;1.0E-4
978	979;1.0E-4
9787	9788;1.0E-4
9792	9793;1.0E-4
9809	9810;7.275095E-5
9814	9815;1.0E-4
983	984;1.0E-4
9837	9838;1.0E-4
9842	9843;1.0E-4
9865	9866;1.0E-4
9870	9871;1.0E-4
9888	9889;1.0E-4
9893	9894;1.0E-4
9915	9916;1.0E-4
9920	9921;1.0E-4
9938	9939;1.0E-4
9943	9944;1.0E-4
9966	9967;1.0E-4
9971	9972;1.0E-4
9989	9990;1.0E-4
9994	9995;1.0E-4
