1004	1005;3.8587496E-5
1010	1011;7.68383E-5
1019	1020;1.0E-4
1025	1026;1.0E-4
1031	1032;1.0E-4
104	105;3.8587496E-5
1046	1047;1.0E-4
1052	1053;1.0E-4
1067	1068;1.0E-4
1073	1074;1.0E-4
1088	1089;1.0E-4
1094	1095;1.0E-4
110	111;7.68383E-5
1106	1107;5.5629465E-5
1112	1113;1.0E-4
1127	1128;1.0E-4
1133	1134;1.0E-4
1148	1149;1.0E-4
1154	1155;1.0E-4
1160	1161;1.0E-4
1169	1170;1.0E-4
1175	1176;1.0E-4
1181	1182;1.0E-4
119	120;1.0E-4
1196	1197;1.0E-4
1208	1209;6.7942296E-5
1214	1215;1.0E-4
1220	1221;1.0E-4
1229	1230;1.0E-4
1235	1236;1.0E-4
1241	1242;1.0E-4
125	126;1.0E-4
1256	1257;1.0E-4
1262	1263;1.0E-4
1277	1278;1.0E-4
1283	1284;1.0E-4
1298	1299;1.0E-4
1301	1302;0.0
131	132;1.0E-4
1316	1317;1.0E-4
1322	1323;1.0E-4
1337	1338;1.0E-4
1343	1344;1.0E-4
1358	1359;1.0E-4
1364	1365;1.0E-4
1370	1371;1.0E-4
1379	1380;1.0E-4
1385	1386;1.0E-4
1391	1392;1.0E-4
14	15;1.0E-4
1403	1404;2.7749997E-5
1418	1419;1.0E-4
1424	1425;1.0E-4
1430	1431;1.0E-4
1439	1440;1.0E-4
1445	1446;1.0E-4
1451	1452;1.0E-4
146	147;1.0E-4
1466	1467;1.0E-4
1472	1473;1.0E-4
1487	1488;1.0E-4
1493	1494;1.0E-4
1505	1506;4.779937E-5
1511	1512;1.0E-4
152	153;1.0E-4
1526	1527;1.0E-4
1532	1533;1.0E-4
1547	1548;1.0E-4
1553	1554;1.0E-4
1568	1569;1.0E-4
1574	1575;1.0E-4
1580	1581;1.0E-4
1589	1590;1.0E-4
1595	1596;1.0E-4
1607	1608;6.228505E-5
1613	1614;1.0E-4
1628	1629;1.0E-4
1634	1635;1.0E-4
1640	1641;1.0E-4
1649	1650;1.0E-4
1655	1656;1.0E-4
1661	1662;1.0E-4
167	168;1.0E-4
1676	1677;1.0E-4
1682	1683;1.0E-4
1697	1698;1.0E-4
1700	0;1.0E-4
1709	1710;7.275095E-5
1715	1716;1.0E-4
1721	1722;1.0E-4
173	174;1.0E-4
1736	1737;1.0E-4
1742	1743;1.0E-4
1757	1758;1.0E-4
1763	1764;1.0E-4
1778	1779;1.0E-4
1784	1785;1.0E-4
1790	1791;1.0E-4
1799	1800;1.0E-4
1802	1803;1.4999998E-5
1817	1818;1.0E-4
1823	1824;1.0E-4
1838	1839;1.0E-4
1844	1845;1.0E-4
1850	1851;1.0E-4
1859	1860;1.0E-4
1865	1866;1.0E-4
1871	1872;1.0E-4
188	189;1.0E-4
1886	1887;1.0E-4
1892	1893;1.0E-4
1904	1905;3.8587496E-5
1910	1911;7.68383E-5
1919	1920;1.0E-4
1925	1926;1.0E-4
1931	1932;1.0E-4
194	195;1.0E-4
1946	1947;1.0E-4
1952	1953;1.0E-4
1967	1968;1.0E-4
1973	1974;1.0E-4
1988	1989;1.0E-4
1994	1995;1.0E-4
20	21;1.0E-4
2003	2004;2.7749997E-5
2018	2019;1.0E-4
2024	2025;1.0E-4
2030	2031;1.0E-4
2039	2040;1.0E-4
2045	2046;1.0E-4
2051	2052;1.0E-4
206	207;5.5629465E-5
2066	2067;1.0E-4
2072	2073;1.0E-4
2087	2088;1.0E-4
2093	2094;1.0E-4
2105	2106;4.779937E-5
2111	2112;1.0E-4
212	213;1.0E-4
2126	2127;1.0E-4
2132	2133;1.0E-4
2147	2148;1.0E-4
2153	2154;1.0E-4
2168	2169;1.0E-4
2174	2175;1.0E-4
2180	2181;1.0E-4
2189	2190;1.0E-4
2195	2196;1.0E-4
2207	2208;6.228505E-5
2213	2214;1.0E-4
2228	2229;1.0E-4
2234	2235;1.0E-4
2240	2241;1.0E-4
2249	2250;1.0E-4
2255	2256;1.0E-4
2261	2262;1.0E-4
227	228;1.0E-4
2276	2277;1.0E-4
2282	2283;1.0E-4
2297	2298;1.0E-4
2300	0;1.0E-4
2309	2310;7.275095E-5
2315	2316;1.0E-4
2321	2322;1.0E-4
233	234;1.0E-4
2336	2337;1.0E-4
2342	2343;1.0E-4
2357	2358;1.0E-4
2363	2364;1.0E-4
2378	2379;1.0E-4
2384	2385;1.0E-4
2390	2391;1.0E-4
2399	2400;1.0E-4
2402	2403;1.4999998E-5
2417	2418;1.0E-4
2423	2424;1.0E-4
2438	2439;1.0E-4
2444	2445;1.0E-4
2450	2451;1.0E-4
2459	2460;1.0E-4
2465	2466;1.0E-4
2471	2472;1.0E-4
248	249;1.0E-4
2486	2487;1.0E-4
2492	2493;1.0E-4
2504	2505;3.8587496E-5
2510	2511;7.68383E-5
2519	2520;1.0E-4
2525	2526;1.0E-4
2531	2532;1.0E-4
254	255;1.0E-4
2546	2547;1.0E-4
2552	2553;1.0E-4
2567	2568;1.0E-4
2573	2574;1.0E-4
2588	2589;1.0E-4
2594	2595;1.0E-4
260	261;1.0E-4
2606	2607;5.5629465E-5
2612	2613;1.0E-4
2627	2628;1.0E-4
2633	2634;1.0E-4
2648	2649;1.0E-4
2654	2655;1.0E-4
2660	2661;1.0E-4
2669	2670;1.0E-4
2675	2676;1.0E-4
2681	2682;1.0E-4
269	270;1.0E-4
2696	2697;1.0E-4
2708	2709;6.7942296E-5
2714	2715;1.0E-4
2720	2721;1.0E-4
2729	2730;1.0E-4
2735	2736;1.0E-4
2741	2742;1.0E-4
275	276;1.0E-4
2756	2757;1.0E-4
2762	2763;1.0E-4
2777	2778;1.0E-4
2783	2784;1.0E-4
2798	2799;1.0E-4
2801	2802;0.0
281	282;1.0E-4
2816	2817;1.0E-4
2822	2823;1.0E-4
2837	2838;1.0E-4
2843	2844;1.0E-4
2858	2859;1.0E-4
2864	2865;1.0E-4
2870	2871;1.0E-4
2879	2880;1.0E-4
2885	2886;1.0E-4
2891	2892;1.0E-4
29	30;1.0E-4
2903	2904;2.7749997E-5
2918	2919;1.0E-4
2924	2925;1.0E-4
2930	2931;1.0E-4
2939	2940;1.0E-4
2945	2946;1.0E-4
2951	2952;1.0E-4
296	297;1.0E-4
2966	2967;1.0E-4
2972	2973;1.0E-4
2987	2988;1.0E-4
2993	2994;1.0E-4
3002	3003;1.4999998E-5
3017	3018;1.0E-4
3023	3024;1.0E-4
3038	3039;1.0E-4
3044	3045;1.0E-4
3050	3051;1.0E-4
3059	3060;1.0E-4
3065	3066;1.0E-4
3071	3072;1.0E-4
308	309;6.7942296E-5
3086	3087;1.0E-4
3092	3093;1.0E-4
3104	3105;3.8587496E-5
3110	3111;7.68383E-5
3119	3120;1.0E-4
3125	3126;1.0E-4
3131	3132;1.0E-4
314	315;1.0E-4
3146	3147;1.0E-4
3152	3153;1.0E-4
3167	3168;1.0E-4
3173	3174;1.0E-4
3188	3189;1.0E-4
3194	3195;1.0E-4
320	321;1.0E-4
3206	3207;5.5629465E-5
3212	3213;1.0E-4
3227	3228;1.0E-4
3233	3234;1.0E-4
3248	3249;1.0E-4
3254	3255;1.0E-4
3260	3261;1.0E-4
3269	3270;1.0E-4
3275	3276;1.0E-4
3281	3282;1.0E-4
329	330;1.0E-4
3296	3297;1.0E-4
3308	3309;6.7942296E-5
3314	3315;1.0E-4
3320	3321;1.0E-4
3329	3330;1.0E-4
3335	3336;1.0E-4
3341	3342;1.0E-4
335	336;1.0E-4
3356	3357;1.0E-4
3362	3363;1.0E-4
3377	3378;1.0E-4
3383	3384;1.0E-4
3398	3399;1.0E-4
3401	3402;0.0
341	342;1.0E-4
3416	3417;1.0E-4
3422	3423;1.0E-4
3437	3438;1.0E-4
3443	3444;1.0E-4
3458	3459;1.0E-4
3464	3465;1.0E-4
3470	3471;1.0E-4
3479	3480;1.0E-4
3485	3486;1.0E-4
3491	3492;1.0E-4
35	36;1.0E-4
3503	3504;2.7749997E-5
3518	3519;1.0E-4
3524	3525;1.0E-4
3530	3531;1.0E-4
3539	3540;1.0E-4
3545	3546;1.0E-4
3551	3552;1.0E-4
356	357;1.0E-4
3566	3567;1.0E-4
3572	3573;1.0E-4
3587	3588;1.0E-4
3593	3594;1.0E-4
3605	3606;4.779937E-5
3611	3612;1.0E-4
362	363;1.0E-4
3626	3627;1.0E-4
3632	3633;1.0E-4
3647	3648;1.0E-4
3653	3654;1.0E-4
3668	3669;1.0E-4
3674	3675;1.0E-4
3680	3681;1.0E-4
3689	3690;1.0E-4
3695	3696;1.0E-4
3707	3708;6.228505E-5
3713	3714;1.0E-4
3728	3729;1.0E-4
3734	3735;1.0E-4
3740	3741;1.0E-4
3749	3750;1.0E-4
3755	3756;1.0E-4
3761	3762;1.0E-4
377	378;1.0E-4
3776	3777;1.0E-4
3782	3783;1.0E-4
3797	3798;1.0E-4
3800	0;1.0E-4
3809	3810;7.275095E-5
3815	3816;1.0E-4
3821	3822;1.0E-4
383	384;1.0E-4
3836	3837;1.0E-4
3842	3843;1.0E-4
3857	3858;1.0E-4
3863	3864;1.0E-4
3878	3879;1.0E-4
3884	3885;1.0E-4
3890	3891;1.0E-4
3899	3900;1.0E-4
3902	3903;1.4999998E-5
3917	3918;1.0E-4
3923	3924;1.0E-4
3938	3939;1.0E-4
3944	3945;1.0E-4
3950	3951;1.0E-4
3959	3960;1.0E-4
3965	3966;1.0E-4
3971	3972;1.0E-4
398	399;1.0E-4
3986	3987;1.0E-4
3992	3993;1.0E-4
4001	4002;0.0
401	402;0.0
4016	4017;1.0E-4
4022	4023;1.0E-4
4037	4038;1.0E-4
4043	4044;1.0E-4
4058	4059;1.0E-4
4064	4065;1.0E-4
4070	4071;1.0E-4
4079	4080;1.0E-4
4085	4086;1.0E-4
4091	4092;1.0E-4
41	42;1.0E-4
4103	4104;2.7749997E-5
4118	4119;1.0E-4
4124	4125;1.0E-4
4130	4131;1.0E-4
4139	4140;1.0E-4
4145	4146;1.0E-4
4151	4152;1.0E-4
416	417;1.0E-4
4166	4167;1.0E-4
4172	4173;1.0E-4
4187	4188;1.0E-4
4193	4194;1.0E-4
4205	4206;4.779937E-5
4211	4212;1.0E-4
422	423;1.0E-4
4226	4227;1.0E-4
4232	4233;1.0E-4
4247	4248;1.0E-4
4253	4254;1.0E-4
4268	4269;1.0E-4
4274	4275;1.0E-4
4280	4281;1.0E-4
4289	4290;1.0E-4
4295	4296;1.0E-4
4307	4308;6.228505E-5
4313	4314;1.0E-4
4328	4329;1.0E-4
4334	4335;1.0E-4
4340	4341;1.0E-4
4349	4350;1.0E-4
4355	4356;1.0E-4
4361	4362;1.0E-4
437	438;1.0E-4
4376	4377;1.0E-4
4382	4383;1.0E-4
4397	4398;1.0E-4
4400	0;1.0E-4
4409	4410;7.275095E-5
4415	4416;1.0E-4
4421	4422;1.0E-4
443	444;1.0E-4
4436	4437;1.0E-4
4442	4443;1.0E-4
4457	4458;1.0E-4
4463	4464;1.0E-4
4478	4479;1.0E-4
4484	4485;1.0E-4
4490	4491;1.0E-4
4499	4500;1.0E-4
4502	4503;1.4999998E-5
4517	4518;1.0E-4
4523	4524;1.0E-4
4538	4539;1.0E-4
4544	4545;1.0E-4
4550	4551;1.0E-4
4559	4560;1.0E-4
4565	4566;1.0E-4
4571	4572;1.0E-4
458	459;1.0E-4
4586	4587;1.0E-4
4592	4593;1.0E-4
4604	4605;3.8587496E-5
4610	4611;7.68383E-5
4619	4620;1.0E-4
4625	4626;1.0E-4
4631	4632;1.0E-4
464	465;1.0E-4
4646	4647;1.0E-4
4652	4653;1.0E-4
4667	4668;1.0E-4
4673	4674;1.0E-4
4688	4689;1.0E-4
4694	4695;1.0E-4
470	471;1.0E-4
4706	4707;5.5629465E-5
4712	4713;1.0E-4
4727	4728;1.0E-4
4733	4734;1.0E-4
4748	4749;1.0E-4
4754	4755;1.0E-4
4760	4761;1.0E-4
4769	4770;1.0E-4
4775	4776;1.0E-4
4781	4782;1.0E-4
479	480;1.0E-4
4796	4797;1.0E-4
4808	4809;6.7942296E-5
4814	4815;1.0E-4
4820	4821;1.0E-4
4829	4830;1.0E-4
4835	4836;1.0E-4
4841	4842;1.0E-4
485	486;1.0E-4
4856	4857;1.0E-4
4862	4863;1.0E-4
4877	4878;1.0E-4
4883	4884;1.0E-4
4898	4899;1.0E-4
4901	4902;0.0
491	492;1.0E-4
4916	4917;1.0E-4
4922	4923;1.0E-4
4937	4938;1.0E-4
4943	4944;1.0E-4
4958	4959;1.0E-4
4964	4965;1.0E-4
4970	4971;1.0E-4
4979	4980;1.0E-4
4985	4986;1.0E-4
4991	4992;1.0E-4
5	6;4.779937E-5
5000	0;1.0E-4
5009	5010;7.275095E-5
5015	5016;1.0E-4
5021	5022;1.0E-4
503	504;2.7749997E-5
5036	5037;1.0E-4
5042	5043;1.0E-4
5057	5058;1.0E-4
5063	5064;1.0E-4
5078	5079;1.0E-4
5084	5085;1.0E-4
5090	5091;1.0E-4
5099	5100;1.0E-4
5102	5103;1.4999998E-5
5117	5118;1.0E-4
5123	5124;1.0E-4
5138	5139;1.0E-4
5144	5145;1.0E-4
5150	5151;1.0E-4
5159	5160;1.0E-4
5165	5166;1.0E-4
5171	5172;1.0E-4
518	519;1.0E-4
5186	5187;1.0E-4
5192	5193;1.0E-4
5204	5205;3.8587496E-5
5210	5211;7.68383E-5
5219	5220;1.0E-4
5225	5226;1.0E-4
5231	5232;1.0E-4
524	525;1.0E-4
5246	5247;1.0E-4
5252	5253;1.0E-4
5267	5268;1.0E-4
5273	5274;1.0E-4
5288	5289;1.0E-4
5294	5295;1.0E-4
530	531;1.0E-4
5306	5307;5.5629465E-5
5312	5313;1.0E-4
5327	5328;1.0E-4
5333	5334;1.0E-4
5348	5349;1.0E-4
5354	5355;1.0E-4
5360	5361;1.0E-4
5369	5370;1.0E-4
5375	5376;1.0E-4
5381	5382;1.0E-4
539	540;1.0E-4
5396	5397;1.0E-4
5408	5409;6.7942296E-5
5414	5415;1.0E-4
5420	5421;1.0E-4
5429	5430;1.0E-4
5435	5436;1.0E-4
5441	5442;1.0E-4
545	546;1.0E-4
5456	5457;1.0E-4
5462	5463;1.0E-4
5477	5478;1.0E-4
5483	5484;1.0E-4
5498	5499;1.0E-4
5501	5502;0.0
551	552;1.0E-4
5516	5517;1.0E-4
5522	5523;1.0E-4
5537	5538;1.0E-4
5543	5544;1.0E-4
5558	5559;1.0E-4
5564	5565;1.0E-4
5570	5571;1.0E-4
5579	5580;1.0E-4
5585	5586;1.0E-4
5591	5592;1.0E-4
56	57;1.0E-4
5603	5604;2.7749997E-5
5618	5619;1.0E-4
5624	5625;1.0E-4
5630	5631;1.0E-4
5639	5640;1.0E-4
5645	5646;1.0E-4
5651	5652;1.0E-4
566	567;1.0E-4
5666	5667;1.0E-4
5672	5673;1.0E-4
5687	5688;1.0E-4
5693	5694;1.0E-4
5705	5706;4.779937E-5
5711	5712;1.0E-4
572	573;1.0E-4
5726	5727;1.0E-4
5732	5733;1.0E-4
5747	5748;1.0E-4
5753	5754;1.0E-4
5768	5769;1.0E-4
5774	5775;1.0E-4
5780	5781;1.0E-4
5789	5790;1.0E-4
5795	5796;1.0E-4
5807	5808;6.228505E-5
5813	5814;1.0E-4
5828	5829;1.0E-4
5834	5835;1.0E-4
5840	5841;1.0E-4
5849	5850;1.0E-4
5855	5856;1.0E-4
5861	5862;1.0E-4
587	588;1.0E-4
5876	5877;1.0E-4
5882	5883;1.0E-4
5897	5898;1.0E-4
5900	0;1.0E-4
5909	5910;7.275095E-5
5915	5916;1.0E-4
5921	5922;1.0E-4
593	594;1.0E-4
5936	5937;1.0E-4
5942	5943;1.0E-4
5957	5958;1.0E-4
5963	5964;1.0E-4
5978	5979;1.0E-4
5984	5985;1.0E-4
5990	5991;1.0E-4
5999	6000;1.0E-4
6008	6009;6.7942296E-5
6014	6015;1.0E-4
6020	6021;1.0E-4
6029	6030;1.0E-4
6035	6036;1.0E-4
6041	6042;1.0E-4
605	606;4.779937E-5
6056	6057;1.0E-4
6062	6063;1.0E-4
6077	6078;1.0E-4
6083	6084;1.0E-4
6098	6099;1.0E-4
6101	6102;0.0
611	612;1.0E-4
6116	6117;1.0E-4
6122	6123;1.0E-4
6137	6138;1.0E-4
6143	6144;1.0E-4
6158	6159;1.0E-4
6164	6165;1.0E-4
6170	6171;1.0E-4
6179	6180;1.0E-4
6185	6186;1.0E-4
6191	6192;1.0E-4
62	63;1.0E-4
6203	6204;2.7749997E-5
6218	6219;1.0E-4
6224	6225;1.0E-4
6230	6231;1.0E-4
6239	6240;1.0E-4
6245	6246;1.0E-4
6251	6252;1.0E-4
626	627;1.0E-4
6266	6267;1.0E-4
6272	6273;1.0E-4
6287	6288;1.0E-4
6293	6294;1.0E-4
6305	6306;4.779937E-5
6311	6312;1.0E-4
632	633;1.0E-4
6326	6327;1.0E-4
6332	6333;1.0E-4
6347	6348;1.0E-4
6353	6354;1.0E-4
6368	6369;1.0E-4
6374	6375;1.0E-4
6380	6381;1.0E-4
6389	6390;1.0E-4
6395	6396;1.0E-4
6407	6408;6.228505E-5
6413	6414;1.0E-4
6428	6429;1.0E-4
6434	6435;1.0E-4
6440	6441;1.0E-4
6449	6450;1.0E-4
6455	6456;1.0E-4
6461	6462;1.0E-4
647	648;1.0E-4
6476	6477;1.0E-4
6482	6483;1.0E-4
6497	6498;1.0E-4
6500	0;1.0E-4
6509	6510;7.275095E-5
6515	6516;1.0E-4
6521	6522;1.0E-4
653	654;1.0E-4
6536	6537;1.0E-4
6542	6543;1.0E-4
6557	6558;1.0E-4
6563	6564;1.0E-4
6578	6579;1.0E-4
6584	6585;1.0E-4
6590	6591;1.0E-4
6599	6600;1.0E-4
6602	6603;1.4999998E-5
6617	6618;1.0E-4
6623	6624;1.0E-4
6638	6639;1.0E-4
6644	6645;1.0E-4
6650	6651;1.0E-4
6659	6660;1.0E-4
6665	6666;1.0E-4
6671	6672;1.0E-4
668	669;1.0E-4
6686	6687;1.0E-4
6692	6693;1.0E-4
6704	6705;3.8587496E-5
6710	6711;7.68383E-5
6719	6720;1.0E-4
6725	6726;1.0E-4
6731	6732;1.0E-4
674	675;1.0E-4
6746	6747;1.0E-4
6752	6753;1.0E-4
6767	6768;1.0E-4
6773	6774;1.0E-4
6788	6789;1.0E-4
6794	6795;1.0E-4
680	681;1.0E-4
6806	6807;5.5629465E-5
6812	6813;1.0E-4
6827	6828;1.0E-4
6833	6834;1.0E-4
6848	6849;1.0E-4
6854	6855;1.0E-4
6860	6861;1.0E-4
6869	6870;1.0E-4
6875	6876;1.0E-4
6881	6882;1.0E-4
689	690;1.0E-4
6896	6897;1.0E-4
6908	6909;6.7942296E-5
6914	6915;1.0E-4
6920	6921;1.0E-4
6929	6930;1.0E-4
6935	6936;1.0E-4
6941	6942;1.0E-4
695	696;1.0E-4
6956	6957;1.0E-4
6962	6963;1.0E-4
6977	6978;1.0E-4
6983	6984;1.0E-4
6998	6999;1.0E-4
7007	7008;6.228505E-5
7013	7014;1.0E-4
7028	7029;1.0E-4
7034	7035;1.0E-4
7040	7041;1.0E-4
7049	7050;1.0E-4
7055	7056;1.0E-4
7061	7062;1.0E-4
707	708;6.228505E-5
7076	7077;1.0E-4
7082	7083;1.0E-4
7097	7098;1.0E-4
7100	0;1.0E-4
7109	7110;7.275095E-5
7115	7116;1.0E-4
7121	7122;1.0E-4
713	714;1.0E-4
7136	7137;1.0E-4
7142	7143;1.0E-4
7157	7158;1.0E-4
7163	7164;1.0E-4
7178	7179;1.0E-4
7184	7185;1.0E-4
7190	7191;1.0E-4
7199	7200;1.0E-4
7202	7203;1.4999998E-5
7217	7218;1.0E-4
7223	7224;1.0E-4
7238	7239;1.0E-4
7244	7245;1.0E-4
7250	7251;1.0E-4
7259	7260;1.0E-4
7265	7266;1.0E-4
7271	7272;1.0E-4
728	729;1.0E-4
7286	7287;1.0E-4
7292	7293;1.0E-4
7304	7305;3.8587496E-5
7310	7311;7.68383E-5
7319	7320;1.0E-4
7325	7326;1.0E-4
7331	7332;1.0E-4
734	735;1.0E-4
7346	7347;1.0E-4
7352	7353;1.0E-4
7367	7368;1.0E-4
7373	7374;1.0E-4
7388	7389;1.0E-4
7394	7395;1.0E-4
740	741;1.0E-4
7406	7407;5.5629465E-5
7412	7413;1.0E-4
7427	7428;1.0E-4
7433	7434;1.0E-4
7448	7449;1.0E-4
7454	7455;1.0E-4
7460	7461;1.0E-4
7469	7470;1.0E-4
7475	7476;1.0E-4
7481	7482;1.0E-4
749	750;1.0E-4
7496	7497;1.0E-4
7508	7509;6.7942296E-5
7514	7515;1.0E-4
7520	7521;1.0E-4
7529	7530;1.0E-4
7535	7536;1.0E-4
7541	7542;1.0E-4
755	756;1.0E-4
7556	7557;1.0E-4
7562	7563;1.0E-4
7577	7578;1.0E-4
7583	7584;1.0E-4
7598	7599;1.0E-4
7601	7602;0.0
761	762;1.0E-4
7616	7617;1.0E-4
7622	7623;1.0E-4
7637	7638;1.0E-4
7643	7644;1.0E-4
7658	7659;1.0E-4
7664	7665;1.0E-4
7670	7671;1.0E-4
7679	7680;1.0E-4
7685	7686;1.0E-4
7691	7692;1.0E-4
77	78;1.0E-4
7703	7704;2.7749997E-5
7718	7719;1.0E-4
7724	7725;1.0E-4
7730	7731;1.0E-4
7739	7740;1.0E-4
7745	7746;1.0E-4
7751	7752;1.0E-4
776	777;1.0E-4
7766	7767;1.0E-4
7772	7773;1.0E-4
7787	7788;1.0E-4
7793	7794;1.0E-4
7805	7806;4.779937E-5
7811	7812;1.0E-4
782	783;1.0E-4
7826	7827;1.0E-4
7832	7833;1.0E-4
7847	7848;1.0E-4
7853	7854;1.0E-4
7868	7869;1.0E-4
7874	7875;1.0E-4
7880	7881;1.0E-4
7889	7890;1.0E-4
7895	7896;1.0E-4
7907	7908;6.228505E-5
7913	7914;1.0E-4
7928	7929;1.0E-4
7934	7935;1.0E-4
7940	7941;1.0E-4
7949	7950;1.0E-4
7955	7956;1.0E-4
7961	7962;1.0E-4
797	798;1.0E-4
7976	7977;1.0E-4
7982	7983;1.0E-4
7997	7998;1.0E-4
800	0;1.0E-4
8006	8007;5.5629465E-5
8012	8013;1.0E-4
8027	8028;1.0E-4
8033	8034;1.0E-4
8048	8049;1.0E-4
8054	8055;1.0E-4
8060	8061;1.0E-4
8069	8070;1.0E-4
8075	8076;1.0E-4
8081	8082;1.0E-4
809	810;7.275095E-5
8096	8097;1.0E-4
8108	8109;6.7942296E-5
8114	8115;1.0E-4
8120	8121;1.0E-4
8129	8130;1.0E-4
8135	8136;1.0E-4
8141	8142;1.0E-4
815	816;1.0E-4
8156	8157;1.0E-4
8162	8163;1.0E-4
8177	8178;1.0E-4
8183	8184;1.0E-4
8198	8199;1.0E-4
8201	8202;0.0
821	822;1.0E-4
8216	8217;1.0E-4
8222	8223;1.0E-4
8237	8238;1.0E-4
8243	8244;1.0E-4
8258	8259;1.0E-4
8264	8265;1.0E-4
8270	8271;1.0E-4
8279	8280;1.0E-4
8285	8286;1.0E-4
8291	8292;1.0E-4
83	84;1.0E-4
8303	8304;2.7749997E-5
8318	8319;1.0E-4
8324	8325;1.0E-4
8330	8331;1.0E-4
8339	8340;1.0E-4
8345	8346;1.0E-4
8351	8352;1.0E-4
836	837;1.0E-4
8366	8367;1.0E-4
8372	8373;1.0E-4
8387	8388;1.0E-4
8393	8394;1.0E-4
8405	8406;4.779937E-5
8411	8412;1.0E-4
842	843;1.0E-4
8426	8427;1.0E-4
8432	8433;1.0E-4
8447	8448;1.0E-4
8453	8454;1.0E-4
8468	8469;1.0E-4
8474	8475;1.0E-4
8480	8481;1.0E-4
8489	8490;1.0E-4
8495	8496;1.0E-4
8507	8508;6.228505E-5
8513	8514;1.0E-4
8528	8529;1.0E-4
8534	8535;1.0E-4
8540	8541;1.0E-4
8549	8550;1.0E-4
8555	8556;1.0E-4
8561	8562;1.0E-4
857	858;1.0E-4
8576	8577;1.0E-4
8582	8583;1.0E-4
8597	8598;1.0E-4
8600	0;1.0E-4
8609	8610;7.275095E-5
8615	8616;1.0E-4
8621	8622;1.0E-4
863	864;1.0E-4
8636	8637;1.0E-4
8642	8643;1.0E-4
8657	8658;1.0E-4
8663	8664;1.0E-4
8678	8679;1.0E-4
8684	8685;1.0E-4
8690	8691;1.0E-4
8699	8700;1.0E-4
8702	8703;1.4999998E-5
8717	8718;1.0E-4
8723	8724;1.0E-4
8738	8739;1.0E-4
8744	8745;1.0E-4
8750	8751;1.0E-4
8759	8760;1.0E-4
8765	8766;1.0E-4
8771	8772;1.0E-4
878	879;1.0E-4
8786	8787;1.0E-4
8792	8793;1.0E-4
8804	8805;3.8587496E-5
8810	8811;7.68383E-5
8819	8820;1.0E-4
8825	8826;1.0E-4
8831	8832;1.0E-4
884	885;1.0E-4
8846	8847;1.0E-4
8852	8853;1.0E-4
8867	8868;1.0E-4
8873	8874;1.0E-4
8888	8889;1.0E-4
8894	8895;1.0E-4
890	891;1.0E-4
8906	8907;5.5629465E-5
8912	8913;1.0E-4
8927	8928;1.0E-4
8933	8934;1.0E-4
8948	8949;1.0E-4
8954	8955;1.0E-4
8960	8961;1.0E-4
8969	8970;1.0E-4
8975	8976;1.0E-4
8981	8982;1.0E-4
899	900;1.0E-4
8996	8997;1.0E-4
9005	9006;4.779937E-5
9011	9012;1.0E-4
902	903;1.4999998E-5
9026	9027;1.0E-4
9032	9033;1.0E-4
9047	9048;1.0E-4
9053	9054;1.0E-4
9068	9069;1.0E-4
9074	9075;1.0E-4
9080	9081;1.0E-4
9089	9090;1.0E-4
9095	9096;1.0E-4
9107	9108;6.228505E-5
9113	9114;1.0E-4
9128	9129;1.0E-4
9134	9135;1.0E-4
9140	9141;1.0E-4
9149	9150;1.0E-4
9155	9156;1.0E-4
9161	9162;1.0E-4
917	918;1.0E-4
9176	9177;1.0E-4
9182	9183;1.0E-4
9197	9198;1.0E-4
9200	0;1.0E-4
9209	9210;7.275095E-5
9215	9216;1.0E-4
9221	9222;1.0E-4
923	924;1.0E-4
9236	9237;1.0E-4
9242	9243;1.0E-4
9257	9258;1.0E-4
9263	9264;1.0E-4
9278	9279;1.0E-4
9284	9285;1.0E-4
9290	9291;1.0E-4
9299	9300;1.0E-4
9302	9303;1.4999998E-5
9317	9318;1.0E-4
9323	9324;1.0E-4
9338	9339;1.0E-4
9344	9345;1.0E-4
9350	9351;1.0E-4
9359	9360;1.0E-4
9365	9366;1.0E-4
9371	9372;1.0E-4
938	939;1.0E-4
9386	9387;1.0E-4
9392	9393;1.0E-4
9404	9405;3.8587496E-5
9410	9411;7.68383E-5
9419	9420;1.0E-4
9425	9426;1.0E-4
9431	9432;1.0E-4
944	945;1.0E-4
9446	9447;1.0E-4
9452	9453;1.0E-4
9467	9468;1.0E-4
9473	9474;1.0E-4
9488	9489;1.0E-4
9494	9495;1.0E-4
950	951;1.0E-4
9506	9507;5.5629465E-5
9512	9513;1.0E-4
9527	9528;1.0E-4
9533	9534;1.0E-4
9548	9549;1.0E-4
9554	9555;1.0E-4
9560	9561;1.0E-4
9569	9570;1.0E-4
9575	9576;1.0E-4
9581	9582;1.0E-4
959	960;1.0E-4
9596	9597;1.0E-4
9608	9609;6.7942296E-5
9614	9615;1.0E-4
9620	9621;1.0E-4
9629	9630;1.0E-4
9635	9636;1.0E-4
9641	9642;1.0E-4
965	966;1.0E-4
9656	9657;1.0E-4
9662	9663;1.0E-4
9677	9678;1.0E-4
9683	9684;1.0E-4
9698	9699;1.0E-4
9701	9702;0.0
971	972;1.0E-4
9716	9717;1.0E-4
9722	9723;1.0E-4
9737	9738;1.0E-4
9743	9744;1.0E-4
9758	9759;1.0E-4
9764	9765;1.0E-4
9770	9771;1.0E-4
9779	9780;1.0E-4
9785	9786;1.0E-4
9791	9792;1.0E-4
98	99;1.0E-4
9803	9804;2.7749997E-5
9818	9819;1.0E-4
9824	9825;1.0E-4
9830	9831;1.0E-4
9839	9840;1.0E-4
9845	9846;1.0E-4
9851	9852;1.0E-4
986	987;1.0E-4
9866	9867;1.0E-4
9872	9873;1.0E-4
9887	9888;1.0E-4
9893	9894;1.0E-4
9905	9906;4.779937E-5
9911	9912;1.0E-4
992	993;1.0E-4
9926	9927;1.0E-4
9932	9933;1.0E-4
9947	9948;1.0E-4
9953	9954;1.0E-4
9968	9969;1.0E-4
9974	9975;1.0E-4
9980	9981;1.0E-4
9989	9990;1.0E-4
9995	9996;1.0E-4
