1003	1004;2.7749997E-5
1018	1019;1.0E-4
1024	1025;1.0E-4
103	104;2.7749997E-5
1030	1031;1.0E-4
1039	1040;1.0E-4
1045	1046;1.0E-4
1051	1052;1.0E-4
1066	1067;1.0E-4
1072	1073;1.0E-4
1087	1088;1.0E-4
1093	1094;1.0E-4
1105	1106;4.779937E-5
1111	1112;1.0E-4
1126	1127;1.0E-4
1132	1133;1.0E-4
1147	1148;1.0E-4
1153	1154;1.0E-4
1168	1169;1.0E-4
1174	1175;1.0E-4
118	119;1.0E-4
1180	1181;1.0E-4
1189	1190;1.0E-4
1195	1196;1.0E-4
1207	1208;6.228505E-5
1213	1214;1.0E-4
1228	1229;1.0E-4
1234	1235;1.0E-4
124	125;1.0E-4
1240	1241;1.0E-4
1249	1250;1.0E-4
1255	1256;1.0E-4
1261	1262;1.0E-4
1276	1277;1.0E-4
1282	1283;1.0E-4
1297	1298;1.0E-4
13	14;1.0E-4
130	131;1.0E-4
1300	0;1.0E-4
1309	1310;7.275095E-5
1315	1316;1.0E-4
1321	1322;1.0E-4
1336	1337;1.0E-4
1342	1343;1.0E-4
1357	1358;1.0E-4
1363	1364;1.0E-4
1378	1379;1.0E-4
1384	1385;1.0E-4
139	140;1.0E-4
1390	1391;1.0E-4
1399	1400;1.0E-4
1402	1403;1.4999998E-5
1417	1418;1.0E-4
1423	1424;1.0E-4
1438	1439;1.0E-4
1444	1445;1.0E-4
145	146;1.0E-4
1450	1451;1.0E-4
1459	1460;1.0E-4
1465	1466;1.0E-4
1471	1472;1.0E-4
1486	1487;1.0E-4
1492	1493;1.0E-4
1504	1505;3.8587496E-5
151	152;1.0E-4
1510	1511;7.68383E-5
1519	1520;1.0E-4
1525	1526;1.0E-4
1531	1532;1.0E-4
1546	1547;1.0E-4
1552	1553;1.0E-4
1567	1568;1.0E-4
1573	1574;1.0E-4
1588	1589;1.0E-4
1594	1595;1.0E-4
1606	1607;5.5629465E-5
1612	1613;1.0E-4
1627	1628;1.0E-4
1633	1634;1.0E-4
1648	1649;1.0E-4
1654	1655;1.0E-4
166	167;1.0E-4
1660	1661;1.0E-4
1669	1670;1.0E-4
1675	1676;1.0E-4
1681	1682;1.0E-4
1696	1697;1.0E-4
1708	1709;6.7942296E-5
1714	1715;1.0E-4
172	173;1.0E-4
1720	1721;1.0E-4
1729	1730;1.0E-4
1735	1736;1.0E-4
1741	1742;1.0E-4
1756	1757;1.0E-4
1762	1763;1.0E-4
1777	1778;1.0E-4
1783	1784;1.0E-4
1798	1799;1.0E-4
1801	1802;0.0
1816	1817;1.0E-4
1822	1823;1.0E-4
1837	1838;1.0E-4
1843	1844;1.0E-4
1858	1859;1.0E-4
1864	1865;1.0E-4
187	188;1.0E-4
1870	1871;1.0E-4
1879	1880;1.0E-4
1885	1886;1.0E-4
1891	1892;1.0E-4
1903	1904;2.7749997E-5
1918	1919;1.0E-4
1924	1925;1.0E-4
193	194;1.0E-4
1930	1931;1.0E-4
1939	1940;1.0E-4
1945	1946;1.0E-4
1951	1952;1.0E-4
1966	1967;1.0E-4
1972	1973;1.0E-4
1987	1988;1.0E-4
1993	1994;1.0E-4
2002	2003;1.4999998E-5
2017	2018;1.0E-4
2023	2024;1.0E-4
2038	2039;1.0E-4
2044	2045;1.0E-4
205	206;4.779937E-5
2050	2051;1.0E-4
2059	2060;1.0E-4
2065	2066;1.0E-4
2071	2072;1.0E-4
2086	2087;1.0E-4
2092	2093;1.0E-4
2104	2105;3.8587496E-5
211	212;1.0E-4
2110	2111;7.68383E-5
2119	2120;1.0E-4
2125	2126;1.0E-4
2131	2132;1.0E-4
2146	2147;1.0E-4
2152	2153;1.0E-4
2167	2168;1.0E-4
2173	2174;1.0E-4
2188	2189;1.0E-4
2194	2195;1.0E-4
2206	2207;5.5629465E-5
2212	2213;1.0E-4
2227	2228;1.0E-4
2233	2234;1.0E-4
2248	2249;1.0E-4
2254	2255;1.0E-4
226	227;1.0E-4
2260	2261;1.0E-4
2269	2270;1.0E-4
2275	2276;1.0E-4
2281	2282;1.0E-4
2296	2297;1.0E-4
2308	2309;6.7942296E-5
2314	2315;1.0E-4
232	233;1.0E-4
2320	2321;1.0E-4
2329	2330;1.0E-4
2335	2336;1.0E-4
2341	2342;1.0E-4
2356	2357;1.0E-4
2362	2363;1.0E-4
2377	2378;1.0E-4
2383	2384;1.0E-4
2398	2399;1.0E-4
2401	2402;0.0
2416	2417;1.0E-4
2422	2423;1.0E-4
2437	2438;1.0E-4
2443	2444;1.0E-4
2458	2459;1.0E-4
2464	2465;1.0E-4
247	248;1.0E-4
2470	2471;1.0E-4
2479	2480;1.0E-4
2485	2486;1.0E-4
2491	2492;1.0E-4
2503	2504;2.7749997E-5
2518	2519;1.0E-4
2524	2525;1.0E-4
253	254;1.0E-4
2530	2531;1.0E-4
2539	2540;1.0E-4
2545	2546;1.0E-4
2551	2552;1.0E-4
2566	2567;1.0E-4
2572	2573;1.0E-4
2587	2588;1.0E-4
2593	2594;1.0E-4
2605	2606;4.779937E-5
2611	2612;1.0E-4
2626	2627;1.0E-4
2632	2633;1.0E-4
2647	2648;1.0E-4
2653	2654;1.0E-4
2668	2669;1.0E-4
2674	2675;1.0E-4
268	269;1.0E-4
2680	2681;1.0E-4
2689	2690;1.0E-4
2695	2696;1.0E-4
2707	2708;6.228505E-5
2713	2714;1.0E-4
2728	2729;1.0E-4
2734	2735;1.0E-4
274	275;1.0E-4
2740	2741;1.0E-4
2749	2750;1.0E-4
2755	2756;1.0E-4
2761	2762;1.0E-4
2776	2777;1.0E-4
2782	2783;1.0E-4
2797	2798;1.0E-4
28	29;1.0E-4
280	281;1.0E-4
2800	0;1.0E-4
2809	2810;7.275095E-5
2815	2816;1.0E-4
2821	2822;1.0E-4
2836	2837;1.0E-4
2842	2843;1.0E-4
2857	2858;1.0E-4
2863	2864;1.0E-4
2878	2879;1.0E-4
2884	2885;1.0E-4
289	290;1.0E-4
2890	2891;1.0E-4
2899	2900;1.0E-4
2902	2903;1.4999998E-5
2917	2918;1.0E-4
2923	2924;1.0E-4
2938	2939;1.0E-4
2944	2945;1.0E-4
295	296;1.0E-4
2950	2951;1.0E-4
2959	2960;1.0E-4
2965	2966;1.0E-4
2971	2972;1.0E-4
2986	2987;1.0E-4
2992	2993;1.0E-4
3001	3002;0.0
3016	3017;1.0E-4
3022	3023;1.0E-4
3037	3038;1.0E-4
3043	3044;1.0E-4
3058	3059;1.0E-4
3064	3065;1.0E-4
307	308;6.228505E-5
3070	3071;1.0E-4
3079	3080;1.0E-4
3085	3086;1.0E-4
3091	3092;1.0E-4
3103	3104;2.7749997E-5
3118	3119;1.0E-4
3124	3125;1.0E-4
313	314;1.0E-4
3130	3131;1.0E-4
3139	3140;1.0E-4
3145	3146;1.0E-4
3151	3152;1.0E-4
3166	3167;1.0E-4
3172	3173;1.0E-4
3187	3188;1.0E-4
3193	3194;1.0E-4
3205	3206;4.779937E-5
3211	3212;1.0E-4
3226	3227;1.0E-4
3232	3233;1.0E-4
3247	3248;1.0E-4
3253	3254;1.0E-4
3268	3269;1.0E-4
3274	3275;1.0E-4
328	329;1.0E-4
3280	3281;1.0E-4
3289	3290;1.0E-4
3295	3296;1.0E-4
3307	3308;6.228505E-5
3313	3314;1.0E-4
3328	3329;1.0E-4
3334	3335;1.0E-4
334	335;1.0E-4
3340	3341;1.0E-4
3349	3350;1.0E-4
3355	3356;1.0E-4
3361	3362;1.0E-4
3376	3377;1.0E-4
3382	3383;1.0E-4
3397	3398;1.0E-4
34	35;1.0E-4
340	341;1.0E-4
3400	0;1.0E-4
3409	3410;7.275095E-5
3415	3416;1.0E-4
3421	3422;1.0E-4
3436	3437;1.0E-4
3442	3443;1.0E-4
3457	3458;1.0E-4
3463	3464;1.0E-4
3478	3479;1.0E-4
3484	3485;1.0E-4
349	350;1.0E-4
3490	3491;1.0E-4
3499	3500;1.0E-4
3502	3503;1.4999998E-5
3517	3518;1.0E-4
3523	3524;1.0E-4
3538	3539;1.0E-4
3544	3545;1.0E-4
355	356;1.0E-4
3550	3551;1.0E-4
3559	3560;1.0E-4
3565	3566;1.0E-4
3571	3572;1.0E-4
3586	3587;1.0E-4
3592	3593;1.0E-4
3604	3605;3.8587496E-5
361	362;1.0E-4
3610	3611;7.68383E-5
3619	3620;1.0E-4
3625	3626;1.0E-4
3631	3632;1.0E-4
3646	3647;1.0E-4
3652	3653;1.0E-4
3667	3668;1.0E-4
3673	3674;1.0E-4
3688	3689;1.0E-4
3694	3695;1.0E-4
3706	3707;5.5629465E-5
3712	3713;1.0E-4
3727	3728;1.0E-4
3733	3734;1.0E-4
3748	3749;1.0E-4
3754	3755;1.0E-4
376	377;1.0E-4
3760	3761;1.0E-4
3769	3770;1.0E-4
3775	3776;1.0E-4
3781	3782;1.0E-4
3796	3797;1.0E-4
3808	3809;6.7942296E-5
3814	3815;1.0E-4
382	383;1.0E-4
3820	3821;1.0E-4
3829	3830;1.0E-4
3835	3836;1.0E-4
3841	3842;1.0E-4
3856	3857;1.0E-4
3862	3863;1.0E-4
3877	3878;1.0E-4
3883	3884;1.0E-4
3898	3899;1.0E-4
3901	3902;0.0
3916	3917;1.0E-4
3922	3923;1.0E-4
3937	3938;1.0E-4
3943	3944;1.0E-4
3958	3959;1.0E-4
3964	3965;1.0E-4
397	398;1.0E-4
3970	3971;1.0E-4
3979	3980;1.0E-4
3985	3986;1.0E-4
3991	3992;1.0E-4
4	5;3.8587496E-5
40	41;1.0E-4
400	0;1.0E-4
4000	0;1.0E-4
4009	4010;7.275095E-5
4015	4016;1.0E-4
4021	4022;1.0E-4
4036	4037;1.0E-4
4042	4043;1.0E-4
4057	4058;1.0E-4
4063	4064;1.0E-4
4078	4079;1.0E-4
4084	4085;1.0E-4
409	410;7.275095E-5
4090	4091;1.0E-4
4099	4100;1.0E-4
4102	4103;1.4999998E-5
4117	4118;1.0E-4
4123	4124;1.0E-4
4138	4139;1.0E-4
4144	4145;1.0E-4
415	416;1.0E-4
4150	4151;1.0E-4
4159	4160;1.0E-4
4165	4166;1.0E-4
4171	4172;1.0E-4
4186	4187;1.0E-4
4192	4193;1.0E-4
4204	4205;3.8587496E-5
421	422;1.0E-4
4210	4211;7.68383E-5
4219	4220;1.0E-4
4225	4226;1.0E-4
4231	4232;1.0E-4
4246	4247;1.0E-4
4252	4253;1.0E-4
4267	4268;1.0E-4
4273	4274;1.0E-4
4288	4289;1.0E-4
4294	4295;1.0E-4
4306	4307;5.5629465E-5
4312	4313;1.0E-4
4327	4328;1.0E-4
4333	4334;1.0E-4
4348	4349;1.0E-4
4354	4355;1.0E-4
436	437;1.0E-4
4360	4361;1.0E-4
4369	4370;1.0E-4
4375	4376;1.0E-4
4381	4382;1.0E-4
4396	4397;1.0E-4
4408	4409;6.7942296E-5
4414	4415;1.0E-4
442	443;1.0E-4
4420	4421;1.0E-4
4429	4430;1.0E-4
4435	4436;1.0E-4
4441	4442;1.0E-4
4456	4457;1.0E-4
4462	4463;1.0E-4
4477	4478;1.0E-4
4483	4484;1.0E-4
4498	4499;1.0E-4
4501	4502;0.0
4516	4517;1.0E-4
4522	4523;1.0E-4
4537	4538;1.0E-4
4543	4544;1.0E-4
4558	4559;1.0E-4
4564	4565;1.0E-4
457	458;1.0E-4
4570	4571;1.0E-4
4579	4580;1.0E-4
4585	4586;1.0E-4
4591	4592;1.0E-4
4603	4604;2.7749997E-5
4618	4619;1.0E-4
4624	4625;1.0E-4
463	464;1.0E-4
4630	4631;1.0E-4
4639	4640;1.0E-4
4645	4646;1.0E-4
4651	4652;1.0E-4
4666	4667;1.0E-4
4672	4673;1.0E-4
4687	4688;1.0E-4
4693	4694;1.0E-4
4705	4706;4.779937E-5
4711	4712;1.0E-4
4726	4727;1.0E-4
4732	4733;1.0E-4
4747	4748;1.0E-4
4753	4754;1.0E-4
4768	4769;1.0E-4
4774	4775;1.0E-4
478	479;1.0E-4
4780	4781;1.0E-4
4789	4790;1.0E-4
4795	4796;1.0E-4
4807	4808;6.228505E-5
4813	4814;1.0E-4
4828	4829;1.0E-4
4834	4835;1.0E-4
484	485;1.0E-4
4840	4841;1.0E-4
4849	4850;1.0E-4
4855	4856;1.0E-4
4861	4862;1.0E-4
4876	4877;1.0E-4
4882	4883;1.0E-4
4897	4898;1.0E-4
49	50;1.0E-4
490	491;1.0E-4
4900	0;1.0E-4
4909	4910;7.275095E-5
4915	4916;1.0E-4
4921	4922;1.0E-4
4936	4937;1.0E-4
4942	4943;1.0E-4
4957	4958;1.0E-4
4963	4964;1.0E-4
4978	4979;1.0E-4
4984	4985;1.0E-4
499	500;1.0E-4
4990	4991;1.0E-4
4999	5000;1.0E-4
5008	5009;6.7942296E-5
5014	5015;1.0E-4
502	503;1.4999998E-5
5020	5021;1.0E-4
5029	5030;1.0E-4
5035	5036;1.0E-4
5041	5042;1.0E-4
5056	5057;1.0E-4
5062	5063;1.0E-4
5077	5078;1.0E-4
5083	5084;1.0E-4
5098	5099;1.0E-4
5101	5102;0.0
5116	5117;1.0E-4
5122	5123;1.0E-4
5137	5138;1.0E-4
5143	5144;1.0E-4
5158	5159;1.0E-4
5164	5165;1.0E-4
517	518;1.0E-4
5170	5171;1.0E-4
5179	5180;1.0E-4
5185	5186;1.0E-4
5191	5192;1.0E-4
5203	5204;2.7749997E-5
5218	5219;1.0E-4
5224	5225;1.0E-4
523	524;1.0E-4
5230	5231;1.0E-4
5239	5240;1.0E-4
5245	5246;1.0E-4
5251	5252;1.0E-4
5266	5267;1.0E-4
5272	5273;1.0E-4
5287	5288;1.0E-4
5293	5294;1.0E-4
5305	5306;4.779937E-5
5311	5312;1.0E-4
5326	5327;1.0E-4
5332	5333;1.0E-4
5347	5348;1.0E-4
5353	5354;1.0E-4
5368	5369;1.0E-4
5374	5375;1.0E-4
538	539;1.0E-4
5380	5381;1.0E-4
5389	5390;1.0E-4
5395	5396;1.0E-4
5407	5408;6.228505E-5
5413	5414;1.0E-4
5428	5429;1.0E-4
5434	5435;1.0E-4
544	545;1.0E-4
5440	5441;1.0E-4
5449	5450;1.0E-4
5455	5456;1.0E-4
5461	5462;1.0E-4
5476	5477;1.0E-4
5482	5483;1.0E-4
5497	5498;1.0E-4
55	56;1.0E-4
550	551;1.0E-4
5500	0;1.0E-4
5509	5510;7.275095E-5
5515	5516;1.0E-4
5521	5522;1.0E-4
5536	5537;1.0E-4
5542	5543;1.0E-4
5557	5558;1.0E-4
5563	5564;1.0E-4
5578	5579;1.0E-4
5584	5585;1.0E-4
559	560;1.0E-4
5590	5591;1.0E-4
5599	5600;1.0E-4
5602	5603;1.4999998E-5
5617	5618;1.0E-4
5623	5624;1.0E-4
5638	5639;1.0E-4
5644	5645;1.0E-4
565	566;1.0E-4
5650	5651;1.0E-4
5659	5660;1.0E-4
5665	5666;1.0E-4
5671	5672;1.0E-4
5686	5687;1.0E-4
5692	5693;1.0E-4
5704	5705;3.8587496E-5
571	572;1.0E-4
5710	5711;7.68383E-5
5719	5720;1.0E-4
5725	5726;1.0E-4
5731	5732;1.0E-4
5746	5747;1.0E-4
5752	5753;1.0E-4
5767	5768;1.0E-4
5773	5774;1.0E-4
5788	5789;1.0E-4
5794	5795;1.0E-4
5806	5807;5.5629465E-5
5812	5813;1.0E-4
5827	5828;1.0E-4
5833	5834;1.0E-4
5848	5849;1.0E-4
5854	5855;1.0E-4
586	587;1.0E-4
5860	5861;1.0E-4
5869	5870;1.0E-4
5875	5876;1.0E-4
5881	5882;1.0E-4
5896	5897;1.0E-4
5908	5909;6.7942296E-5
5914	5915;1.0E-4
592	593;1.0E-4
5920	5921;1.0E-4
5929	5930;1.0E-4
5935	5936;1.0E-4
5941	5942;1.0E-4
5956	5957;1.0E-4
5962	5963;1.0E-4
5977	5978;1.0E-4
5983	5984;1.0E-4
5998	5999;1.0E-4
6007	6008;6.228505E-5
6013	6014;1.0E-4
6028	6029;1.0E-4
6034	6035;1.0E-4
604	605;3.8587496E-5
6040	6041;1.0E-4
6049	6050;1.0E-4
6055	6056;1.0E-4
6061	6062;1.0E-4
6076	6077;1.0E-4
6082	6083;1.0E-4
6097	6098;1.0E-4
61	62;1.0E-4
610	611;7.68383E-5
6100	0;1.0E-4
6109	6110;7.275095E-5
6115	6116;1.0E-4
6121	6122;1.0E-4
6136	6137;1.0E-4
6142	6143;1.0E-4
6157	6158;1.0E-4
6163	6164;1.0E-4
6178	6179;1.0E-4
6184	6185;1.0E-4
619	620;1.0E-4
6190	6191;1.0E-4
6199	6200;1.0E-4
6202	6203;1.4999998E-5
6217	6218;1.0E-4
6223	6224;1.0E-4
6238	6239;1.0E-4
6244	6245;1.0E-4
625	626;1.0E-4
6250	6251;1.0E-4
6259	6260;1.0E-4
6265	6266;1.0E-4
6271	6272;1.0E-4
6286	6287;1.0E-4
6292	6293;1.0E-4
6304	6305;3.8587496E-5
631	632;1.0E-4
6310	6311;7.68383E-5
6319	6320;1.0E-4
6325	6326;1.0E-4
6331	6332;1.0E-4
6346	6347;1.0E-4
6352	6353;1.0E-4
6367	6368;1.0E-4
6373	6374;1.0E-4
6388	6389;1.0E-4
6394	6395;1.0E-4
6406	6407;5.5629465E-5
6412	6413;1.0E-4
6427	6428;1.0E-4
6433	6434;1.0E-4
6448	6449;1.0E-4
6454	6455;1.0E-4
646	647;1.0E-4
6460	6461;1.0E-4
6469	6470;1.0E-4
6475	6476;1.0E-4
6481	6482;1.0E-4
6496	6497;1.0E-4
6508	6509;6.7942296E-5
6514	6515;1.0E-4
652	653;1.0E-4
6520	6521;1.0E-4
6529	6530;1.0E-4
6535	6536;1.0E-4
6541	6542;1.0E-4
6556	6557;1.0E-4
6562	6563;1.0E-4
6577	6578;1.0E-4
6583	6584;1.0E-4
6598	6599;1.0E-4
6601	6602;0.0
6616	6617;1.0E-4
6622	6623;1.0E-4
6637	6638;1.0E-4
6643	6644;1.0E-4
6658	6659;1.0E-4
6664	6665;1.0E-4
667	668;1.0E-4
6670	6671;1.0E-4
6679	6680;1.0E-4
6685	6686;1.0E-4
6691	6692;1.0E-4
6703	6704;2.7749997E-5
6718	6719;1.0E-4
6724	6725;1.0E-4
673	674;1.0E-4
6730	6731;1.0E-4
6739	6740;1.0E-4
6745	6746;1.0E-4
6751	6752;1.0E-4
6766	6767;1.0E-4
6772	6773;1.0E-4
6787	6788;1.0E-4
6793	6794;1.0E-4
6805	6806;4.779937E-5
6811	6812;1.0E-4
6826	6827;1.0E-4
6832	6833;1.0E-4
6847	6848;1.0E-4
6853	6854;1.0E-4
6868	6869;1.0E-4
6874	6875;1.0E-4
688	689;1.0E-4
6880	6881;1.0E-4
6889	6890;1.0E-4
6895	6896;1.0E-4
6907	6908;6.228505E-5
6913	6914;1.0E-4
6928	6929;1.0E-4
6934	6935;1.0E-4
694	695;1.0E-4
6940	6941;1.0E-4
6949	6950;1.0E-4
6955	6956;1.0E-4
6961	6962;1.0E-4
6976	6977;1.0E-4
6982	6983;1.0E-4
6997	6998;1.0E-4
7006	7007;5.5629465E-5
7012	7013;1.0E-4
7027	7028;1.0E-4
7033	7034;1.0E-4
7048	7049;1.0E-4
7054	7055;1.0E-4
706	707;5.5629465E-5
7060	7061;1.0E-4
7069	7070;1.0E-4
7075	7076;1.0E-4
7081	7082;1.0E-4
7096	7097;1.0E-4
7108	7109;6.7942296E-5
7114	7115;1.0E-4
712	713;1.0E-4
7120	7121;1.0E-4
7129	7130;1.0E-4
7135	7136;1.0E-4
7141	7142;1.0E-4
7156	7157;1.0E-4
7162	7163;1.0E-4
7177	7178;1.0E-4
7183	7184;1.0E-4
7198	7199;1.0E-4
7201	7202;0.0
7216	7217;1.0E-4
7222	7223;1.0E-4
7237	7238;1.0E-4
7243	7244;1.0E-4
7258	7259;1.0E-4
7264	7265;1.0E-4
727	728;1.0E-4
7270	7271;1.0E-4
7279	7280;1.0E-4
7285	7286;1.0E-4
7291	7292;1.0E-4
7303	7304;2.7749997E-5
7318	7319;1.0E-4
7324	7325;1.0E-4
733	734;1.0E-4
7330	7331;1.0E-4
7339	7340;1.0E-4
7345	7346;1.0E-4
7351	7352;1.0E-4
7366	7367;1.0E-4
7372	7373;1.0E-4
7387	7388;1.0E-4
7393	7394;1.0E-4
7405	7406;4.779937E-5
7411	7412;1.0E-4
7426	7427;1.0E-4
7432	7433;1.0E-4
7447	7448;1.0E-4
7453	7454;1.0E-4
7468	7469;1.0E-4
7474	7475;1.0E-4
748	749;1.0E-4
7480	7481;1.0E-4
7489	7490;1.0E-4
7495	7496;1.0E-4
7507	7508;6.228505E-5
7513	7514;1.0E-4
7528	7529;1.0E-4
7534	7535;1.0E-4
754	755;1.0E-4
7540	7541;1.0E-4
7549	7550;1.0E-4
7555	7556;1.0E-4
7561	7562;1.0E-4
7576	7577;1.0E-4
7582	7583;1.0E-4
7597	7598;1.0E-4
76	77;1.0E-4
760	761;1.0E-4
7600	0;1.0E-4
7609	7610;7.275095E-5
7615	7616;1.0E-4
7621	7622;1.0E-4
7636	7637;1.0E-4
7642	7643;1.0E-4
7657	7658;1.0E-4
7663	7664;1.0E-4
7678	7679;1.0E-4
7684	7685;1.0E-4
769	770;1.0E-4
7690	7691;1.0E-4
7699	7700;1.0E-4
7702	7703;1.4999998E-5
7717	7718;1.0E-4
7723	7724;1.0E-4
7738	7739;1.0E-4
7744	7745;1.0E-4
775	776;1.0E-4
7750	7751;1.0E-4
7759	7760;1.0E-4
7765	7766;1.0E-4
7771	7772;1.0E-4
7786	7787;1.0E-4
7792	7793;1.0E-4
7804	7805;3.8587496E-5
781	782;1.0E-4
7810	7811;7.68383E-5
7819	7820;1.0E-4
7825	7826;1.0E-4
7831	7832;1.0E-4
7846	7847;1.0E-4
7852	7853;1.0E-4
7867	7868;1.0E-4
7873	7874;1.0E-4
7888	7889;1.0E-4
7894	7895;1.0E-4
7906	7907;5.5629465E-5
7912	7913;1.0E-4
7927	7928;1.0E-4
7933	7934;1.0E-4
7948	7949;1.0E-4
7954	7955;1.0E-4
796	797;1.0E-4
7960	7961;1.0E-4
7969	7970;1.0E-4
7975	7976;1.0E-4
7981	7982;1.0E-4
7996	7997;1.0E-4
8005	8006;4.779937E-5
8011	8012;1.0E-4
8026	8027;1.0E-4
8032	8033;1.0E-4
8047	8048;1.0E-4
8053	8054;1.0E-4
8068	8069;1.0E-4
8074	8075;1.0E-4
808	809;6.7942296E-5
8080	8081;1.0E-4
8089	8090;1.0E-4
8095	8096;1.0E-4
8107	8108;6.228505E-5
8113	8114;1.0E-4
8128	8129;1.0E-4
8134	8135;1.0E-4
814	815;1.0E-4
8140	8141;1.0E-4
8149	8150;1.0E-4
8155	8156;1.0E-4
8161	8162;1.0E-4
8176	8177;1.0E-4
8182	8183;1.0E-4
8197	8198;1.0E-4
82	83;1.0E-4
820	821;1.0E-4
8200	0;1.0E-4
8209	8210;7.275095E-5
8215	8216;1.0E-4
8221	8222;1.0E-4
8236	8237;1.0E-4
8242	8243;1.0E-4
8257	8258;1.0E-4
8263	8264;1.0E-4
8278	8279;1.0E-4
8284	8285;1.0E-4
829	830;1.0E-4
8290	8291;1.0E-4
8299	8300;1.0E-4
8302	8303;1.4999998E-5
8317	8318;1.0E-4
8323	8324;1.0E-4
8338	8339;1.0E-4
8344	8345;1.0E-4
835	836;1.0E-4
8350	8351;1.0E-4
8359	8360;1.0E-4
8365	8366;1.0E-4
8371	8372;1.0E-4
8386	8387;1.0E-4
8392	8393;1.0E-4
8404	8405;3.8587496E-5
841	842;1.0E-4
8410	8411;7.68383E-5
8419	8420;1.0E-4
8425	8426;1.0E-4
8431	8432;1.0E-4
8446	8447;1.0E-4
8452	8453;1.0E-4
8467	8468;1.0E-4
8473	8474;1.0E-4
8488	8489;1.0E-4
8494	8495;1.0E-4
8506	8507;5.5629465E-5
8512	8513;1.0E-4
8527	8528;1.0E-4
8533	8534;1.0E-4
8548	8549;1.0E-4
8554	8555;1.0E-4
856	857;1.0E-4
8560	8561;1.0E-4
8569	8570;1.0E-4
8575	8576;1.0E-4
8581	8582;1.0E-4
8596	8597;1.0E-4
8608	8609;6.7942296E-5
8614	8615;1.0E-4
862	863;1.0E-4
8620	8621;1.0E-4
8629	8630;1.0E-4
8635	8636;1.0E-4
8641	8642;1.0E-4
8656	8657;1.0E-4
8662	8663;1.0E-4
8677	8678;1.0E-4
8683	8684;1.0E-4
8698	8699;1.0E-4
8701	8702;0.0
8716	8717;1.0E-4
8722	8723;1.0E-4
8737	8738;1.0E-4
8743	8744;1.0E-4
8758	8759;1.0E-4
8764	8765;1.0E-4
877	878;1.0E-4
8770	8771;1.0E-4
8779	8780;1.0E-4
8785	8786;1.0E-4
8791	8792;1.0E-4
8803	8804;2.7749997E-5
8818	8819;1.0E-4
8824	8825;1.0E-4
883	884;1.0E-4
8830	8831;1.0E-4
8839	8840;1.0E-4
8845	8846;1.0E-4
8851	8852;1.0E-4
8866	8867;1.0E-4
8872	8873;1.0E-4
8887	8888;1.0E-4
8893	8894;1.0E-4
8905	8906;4.779937E-5
8911	8912;1.0E-4
8926	8927;1.0E-4
8932	8933;1.0E-4
8947	8948;1.0E-4
8953	8954;1.0E-4
8968	8969;1.0E-4
8974	8975;1.0E-4
898	899;1.0E-4
8980	8981;1.0E-4
8989	8990;1.0E-4
8995	8996;1.0E-4
9004	9005;3.8587496E-5
901	902;0.0
9010	9011;7.68383E-5
9019	9020;1.0E-4
9025	9026;1.0E-4
9031	9032;1.0E-4
9046	9047;1.0E-4
9052	9053;1.0E-4
9067	9068;1.0E-4
9073	9074;1.0E-4
9088	9089;1.0E-4
9094	9095;1.0E-4
9106	9107;5.5629465E-5
9112	9113;1.0E-4
9127	9128;1.0E-4
9133	9134;1.0E-4
9148	9149;1.0E-4
9154	9155;1.0E-4
916	917;1.0E-4
9160	9161;1.0E-4
9169	9170;1.0E-4
9175	9176;1.0E-4
9181	9182;1.0E-4
9196	9197;1.0E-4
9208	9209;6.7942296E-5
9214	9215;1.0E-4
922	923;1.0E-4
9220	9221;1.0E-4
9229	9230;1.0E-4
9235	9236;1.0E-4
9241	9242;1.0E-4
9256	9257;1.0E-4
9262	9263;1.0E-4
9277	9278;1.0E-4
9283	9284;1.0E-4
9298	9299;1.0E-4
9301	9302;0.0
9316	9317;1.0E-4
9322	9323;1.0E-4
9337	9338;1.0E-4
9343	9344;1.0E-4
9358	9359;1.0E-4
9364	9365;1.0E-4
937	938;1.0E-4
9370	9371;1.0E-4
9379	9380;1.0E-4
9385	9386;1.0E-4
9391	9392;1.0E-4
9403	9404;2.7749997E-5
9418	9419;1.0E-4
9424	9425;1.0E-4
943	944;1.0E-4
9430	9431;1.0E-4
9439	9440;1.0E-4
9445	9446;1.0E-4
9451	9452;1.0E-4
9466	9467;1.0E-4
9472	9473;1.0E-4
9487	9488;1.0E-4
9493	9494;1.0E-4
9505	9506;4.779937E-5
9511	9512;1.0E-4
9526	9527;1.0E-4
9532	9533;1.0E-4
9547	9548;1.0E-4
9553	9554;1.0E-4
9568	9569;1.0E-4
9574	9575;1.0E-4
958	959;1.0E-4
9580	9581;1.0E-4
9589	9590;1.0E-4
9595	9596;1.0E-4
9607	9608;6.228505E-5
9613	9614;1.0E-4
9628	9629;1.0E-4
9634	9635;1.0E-4
964	965;1.0E-4
9640	9641;1.0E-4
9649	9650;1.0E-4
9655	9656;1.0E-4
9661	9662;1.0E-4
9676	9677;1.0E-4
9682	9683;1.0E-4
9697	9698;1.0E-4
97	98;1.0E-4
970	971;1.0E-4
9700	0;1.0E-4
9709	9710;7.275095E-5
9715	9716;1.0E-4
9721	9722;1.0E-4
9736	9737;1.0E-4
9742	9743;1.0E-4
9757	9758;1.0E-4
9763	9764;1.0E-4
9778	9779;1.0E-4
9784	9785;1.0E-4
979	980;1.0E-4
9790	9791;1.0E-4
9799	9800;1.0E-4
9802	9803;1.4999998E-5
9817	9818;1.0E-4
9823	9824;1.0E-4
9838	9839;1.0E-4
9844	9845;1.0E-4
985	986;1.0E-4
9850	9851;1.0E-4
9859	9860;1.0E-4
9865	9866;1.0E-4
9871	9872;1.0E-4
9886	9887;1.0E-4
9892	9893;1.0E-4
9904	9905;3.8587496E-5
991	992;1.0E-4
9910	9911;7.68383E-5
9919	9920;1.0E-4
9925	9926;1.0E-4
9931	9932;1.0E-4
9946	9947;1.0E-4
9952	9953;1.0E-4
9967	9968;1.0E-4
9973	9974;1.0E-4
9988	9989;1.0E-4
9994	9995;1.0E-4
