1	2;0.0
10	11;7.68383E-5
100	0;1.0E-4
1000	0;1.0E-4
10000	0;1.0E-4
1009	1010;7.275095E-5
1015	1016;1.0E-4
1021	1022;1.0E-4
1036	1037;1.0E-4
1042	1043;1.0E-4
1057	1058;1.0E-4
1063	1064;1.0E-4
1078	1079;1.0E-4
1084	1085;1.0E-4
109	110;7.275095E-5
1090	1091;1.0E-4
1099	1100;1.0E-4
1102	1103;1.4999998E-5
1117	1118;1.0E-4
1123	1124;1.0E-4
1138	1139;1.0E-4
1144	1145;1.0E-4
115	116;1.0E-4
1150	1151;1.0E-4
1159	1160;1.0E-4
1165	1166;1.0E-4
1171	1172;1.0E-4
1186	1187;1.0E-4
1192	1193;1.0E-4
1204	1205;3.8587496E-5
121	122;1.0E-4
1210	1211;7.68383E-5
1219	1220;1.0E-4
1225	1226;1.0E-4
1231	1232;1.0E-4
1246	1247;1.0E-4
1252	1253;1.0E-4
1267	1268;1.0E-4
1273	1274;1.0E-4
1288	1289;1.0E-4
1294	1295;1.0E-4
1306	1307;5.5629465E-5
1312	1313;1.0E-4
1327	1328;1.0E-4
1333	1334;1.0E-4
1348	1349;1.0E-4
1354	1355;1.0E-4
136	137;1.0E-4
1360	1361;1.0E-4
1369	1370;1.0E-4
1375	1376;1.0E-4
1381	1382;1.0E-4
1396	1397;1.0E-4
1408	1409;6.7942296E-5
1414	1415;1.0E-4
142	143;1.0E-4
1420	1421;1.0E-4
1429	1430;1.0E-4
1435	1436;1.0E-4
1441	1442;1.0E-4
1456	1457;1.0E-4
1462	1463;1.0E-4
1477	1478;1.0E-4
1483	1484;1.0E-4
1498	1499;1.0E-4
1501	1502;0.0
1516	1517;1.0E-4
1522	1523;1.0E-4
1537	1538;1.0E-4
1543	1544;1.0E-4
1558	1559;1.0E-4
1564	1565;1.0E-4
157	158;1.0E-4
1570	1571;1.0E-4
1579	1580;1.0E-4
1585	1586;1.0E-4
1591	1592;1.0E-4
1603	1604;2.7749997E-5
1618	1619;1.0E-4
1624	1625;1.0E-4
163	164;1.0E-4
1630	1631;1.0E-4
1639	1640;1.0E-4
1645	1646;1.0E-4
1651	1652;1.0E-4
1666	1667;1.0E-4
1672	1673;1.0E-4
1687	1688;1.0E-4
1693	1694;1.0E-4
1705	1706;4.779937E-5
1711	1712;1.0E-4
1726	1727;1.0E-4
1732	1733;1.0E-4
1747	1748;1.0E-4
1753	1754;1.0E-4
1768	1769;1.0E-4
1774	1775;1.0E-4
178	179;1.0E-4
1780	1781;1.0E-4
1789	1790;1.0E-4
1795	1796;1.0E-4
1807	1808;6.228505E-5
1813	1814;1.0E-4
1828	1829;1.0E-4
1834	1835;1.0E-4
184	185;1.0E-4
1840	1841;1.0E-4
1849	1850;1.0E-4
1855	1856;1.0E-4
1861	1862;1.0E-4
1876	1877;1.0E-4
1882	1883;1.0E-4
1897	1898;1.0E-4
19	20;1.0E-4
190	191;1.0E-4
1900	0;1.0E-4
1909	1910;7.275095E-5
1915	1916;1.0E-4
1921	1922;1.0E-4
1936	1937;1.0E-4
1942	1943;1.0E-4
1957	1958;1.0E-4
1963	1964;1.0E-4
1978	1979;1.0E-4
1984	1985;1.0E-4
199	200;1.0E-4
1990	1991;1.0E-4
1999	2000;1.0E-4
2008	2009;6.7942296E-5
2014	2015;1.0E-4
202	203;1.4999998E-5
2020	2021;1.0E-4
2029	2030;1.0E-4
2035	2036;1.0E-4
2041	2042;1.0E-4
2056	2057;1.0E-4
2062	2063;1.0E-4
2077	2078;1.0E-4
2083	2084;1.0E-4
2098	2099;1.0E-4
2101	2102;0.0
2116	2117;1.0E-4
2122	2123;1.0E-4
2137	2138;1.0E-4
2143	2144;1.0E-4
2158	2159;1.0E-4
2164	2165;1.0E-4
217	218;1.0E-4
2170	2171;1.0E-4
2179	2180;1.0E-4
2185	2186;1.0E-4
2191	2192;1.0E-4
2203	2204;2.7749997E-5
2218	2219;1.0E-4
2224	2225;1.0E-4
223	224;1.0E-4
2230	2231;1.0E-4
2239	2240;1.0E-4
2245	2246;1.0E-4
2251	2252;1.0E-4
2266	2267;1.0E-4
2272	2273;1.0E-4
2287	2288;1.0E-4
2293	2294;1.0E-4
2305	2306;4.779937E-5
2311	2312;1.0E-4
2326	2327;1.0E-4
2332	2333;1.0E-4
2347	2348;1.0E-4
2353	2354;1.0E-4
2368	2369;1.0E-4
2374	2375;1.0E-4
238	239;1.0E-4
2380	2381;1.0E-4
2389	2390;1.0E-4
2395	2396;1.0E-4
2407	2408;6.228505E-5
2413	2414;1.0E-4
2428	2429;1.0E-4
2434	2435;1.0E-4
244	245;1.0E-4
2440	2441;1.0E-4
2449	2450;1.0E-4
2455	2456;1.0E-4
2461	2462;1.0E-4
2476	2477;1.0E-4
2482	2483;1.0E-4
2497	2498;1.0E-4
25	26;1.0E-4
250	251;1.0E-4
2500	0;1.0E-4
2509	2510;7.275095E-5
2515	2516;1.0E-4
2521	2522;1.0E-4
2536	2537;1.0E-4
2542	2543;1.0E-4
2557	2558;1.0E-4
2563	2564;1.0E-4
2578	2579;1.0E-4
2584	2585;1.0E-4
259	260;1.0E-4
2590	2591;1.0E-4
2599	2600;1.0E-4
2602	2603;1.4999998E-5
2617	2618;1.0E-4
2623	2624;1.0E-4
2638	2639;1.0E-4
2644	2645;1.0E-4
265	266;1.0E-4
2650	2651;1.0E-4
2659	2660;1.0E-4
2665	2666;1.0E-4
2671	2672;1.0E-4
2686	2687;1.0E-4
2692	2693;1.0E-4
2704	2705;3.8587496E-5
271	272;1.0E-4
2710	2711;7.68383E-5
2719	2720;1.0E-4
2725	2726;1.0E-4
2731	2732;1.0E-4
2746	2747;1.0E-4
2752	2753;1.0E-4
2767	2768;1.0E-4
2773	2774;1.0E-4
2788	2789;1.0E-4
2794	2795;1.0E-4
2806	2807;5.5629465E-5
2812	2813;1.0E-4
2827	2828;1.0E-4
2833	2834;1.0E-4
2848	2849;1.0E-4
2854	2855;1.0E-4
286	287;1.0E-4
2860	2861;1.0E-4
2869	2870;1.0E-4
2875	2876;1.0E-4
2881	2882;1.0E-4
2896	2897;1.0E-4
2908	2909;6.7942296E-5
2914	2915;1.0E-4
292	293;1.0E-4
2920	2921;1.0E-4
2929	2930;1.0E-4
2935	2936;1.0E-4
2941	2942;1.0E-4
2956	2957;1.0E-4
2962	2963;1.0E-4
2977	2978;1.0E-4
2983	2984;1.0E-4
2998	2999;1.0E-4
3007	3008;6.228505E-5
3013	3014;1.0E-4
3028	3029;1.0E-4
3034	3035;1.0E-4
304	305;3.8587496E-5
3040	3041;1.0E-4
3049	3050;1.0E-4
3055	3056;1.0E-4
3061	3062;1.0E-4
3076	3077;1.0E-4
3082	3083;1.0E-4
3097	3098;1.0E-4
31	32;1.0E-4
310	311;7.68383E-5
3100	0;1.0E-4
3109	3110;7.275095E-5
3115	3116;1.0E-4
3121	3122;1.0E-4
3136	3137;1.0E-4
3142	3143;1.0E-4
3157	3158;1.0E-4
3163	3164;1.0E-4
3178	3179;1.0E-4
3184	3185;1.0E-4
319	320;1.0E-4
3190	3191;1.0E-4
3199	3200;1.0E-4
3202	3203;1.4999998E-5
3217	3218;1.0E-4
3223	3224;1.0E-4
3238	3239;1.0E-4
3244	3245;1.0E-4
325	326;1.0E-4
3250	3251;1.0E-4
3259	3260;1.0E-4
3265	3266;1.0E-4
3271	3272;1.0E-4
3286	3287;1.0E-4
3292	3293;1.0E-4
3304	3305;3.8587496E-5
331	332;1.0E-4
3310	3311;7.68383E-5
3319	3320;1.0E-4
3325	3326;1.0E-4
3331	3332;1.0E-4
3346	3347;1.0E-4
3352	3353;1.0E-4
3367	3368;1.0E-4
3373	3374;1.0E-4
3388	3389;1.0E-4
3394	3395;1.0E-4
3406	3407;5.5629465E-5
3412	3413;1.0E-4
3427	3428;1.0E-4
3433	3434;1.0E-4
3448	3449;1.0E-4
3454	3455;1.0E-4
346	347;1.0E-4
3460	3461;1.0E-4
3469	3470;1.0E-4
3475	3476;1.0E-4
3481	3482;1.0E-4
3496	3497;1.0E-4
3508	3509;6.7942296E-5
3514	3515;1.0E-4
352	353;1.0E-4
3520	3521;1.0E-4
3529	3530;1.0E-4
3535	3536;1.0E-4
3541	3542;1.0E-4
3556	3557;1.0E-4
3562	3563;1.0E-4
3577	3578;1.0E-4
3583	3584;1.0E-4
3598	3599;1.0E-4
3601	3602;0.0
3616	3617;1.0E-4
3622	3623;1.0E-4
3637	3638;1.0E-4
3643	3644;1.0E-4
3658	3659;1.0E-4
3664	3665;1.0E-4
367	368;1.0E-4
3670	3671;1.0E-4
3679	3680;1.0E-4
3685	3686;1.0E-4
3691	3692;1.0E-4
3703	3704;2.7749997E-5
3718	3719;1.0E-4
3724	3725;1.0E-4
373	374;1.0E-4
3730	3731;1.0E-4
3739	3740;1.0E-4
3745	3746;1.0E-4
3751	3752;1.0E-4
3766	3767;1.0E-4
3772	3773;1.0E-4
3787	3788;1.0E-4
3793	3794;1.0E-4
3805	3806;4.779937E-5
3811	3812;1.0E-4
3826	3827;1.0E-4
3832	3833;1.0E-4
3847	3848;1.0E-4
3853	3854;1.0E-4
3868	3869;1.0E-4
3874	3875;1.0E-4
388	389;1.0E-4
3880	3881;1.0E-4
3889	3890;1.0E-4
3895	3896;1.0E-4
3907	3908;6.228505E-5
3913	3914;1.0E-4
3928	3929;1.0E-4
3934	3935;1.0E-4
394	395;1.0E-4
3940	3941;1.0E-4
3949	3950;1.0E-4
3955	3956;1.0E-4
3961	3962;1.0E-4
3976	3977;1.0E-4
3982	3983;1.0E-4
3997	3998;1.0E-4
4006	4007;5.5629465E-5
4012	4013;1.0E-4
4027	4028;1.0E-4
4033	4034;1.0E-4
4048	4049;1.0E-4
4054	4055;1.0E-4
406	407;5.5629465E-5
4060	4061;1.0E-4
4069	4070;1.0E-4
4075	4076;1.0E-4
4081	4082;1.0E-4
4096	4097;1.0E-4
4108	4109;6.7942296E-5
4114	4115;1.0E-4
412	413;1.0E-4
4120	4121;1.0E-4
4129	4130;1.0E-4
4135	4136;1.0E-4
4141	4142;1.0E-4
4156	4157;1.0E-4
4162	4163;1.0E-4
4177	4178;1.0E-4
4183	4184;1.0E-4
4198	4199;1.0E-4
4201	4202;0.0
4216	4217;1.0E-4
4222	4223;1.0E-4
4237	4238;1.0E-4
4243	4244;1.0E-4
4258	4259;1.0E-4
4264	4265;1.0E-4
427	428;1.0E-4
4270	4271;1.0E-4
4279	4280;1.0E-4
4285	4286;1.0E-4
4291	4292;1.0E-4
4303	4304;2.7749997E-5
4318	4319;1.0E-4
4324	4325;1.0E-4
433	434;1.0E-4
4330	4331;1.0E-4
4339	4340;1.0E-4
4345	4346;1.0E-4
4351	4352;1.0E-4
4366	4367;1.0E-4
4372	4373;1.0E-4
4387	4388;1.0E-4
4393	4394;1.0E-4
4405	4406;4.779937E-5
4411	4412;1.0E-4
4426	4427;1.0E-4
4432	4433;1.0E-4
4447	4448;1.0E-4
4453	4454;1.0E-4
4468	4469;1.0E-4
4474	4475;1.0E-4
448	449;1.0E-4
4480	4481;1.0E-4
4489	4490;1.0E-4
4495	4496;1.0E-4
4507	4508;6.228505E-5
4513	4514;1.0E-4
4528	4529;1.0E-4
4534	4535;1.0E-4
454	455;1.0E-4
4540	4541;1.0E-4
4549	4550;1.0E-4
4555	4556;1.0E-4
4561	4562;1.0E-4
4576	4577;1.0E-4
4582	4583;1.0E-4
4597	4598;1.0E-4
46	47;1.0E-4
460	461;1.0E-4
4600	0;1.0E-4
4609	4610;7.275095E-5
4615	4616;1.0E-4
4621	4622;1.0E-4
4636	4637;1.0E-4
4642	4643;1.0E-4
4657	4658;1.0E-4
4663	4664;1.0E-4
4678	4679;1.0E-4
4684	4685;1.0E-4
469	470;1.0E-4
4690	4691;1.0E-4
4699	4700;1.0E-4
4702	4703;1.4999998E-5
4717	4718;1.0E-4
4723	4724;1.0E-4
4738	4739;1.0E-4
4744	4745;1.0E-4
475	476;1.0E-4
4750	4751;1.0E-4
4759	4760;1.0E-4
4765	4766;1.0E-4
4771	4772;1.0E-4
4786	4787;1.0E-4
4792	4793;1.0E-4
4804	4805;3.8587496E-5
481	482;1.0E-4
4810	4811;7.68383E-5
4819	4820;1.0E-4
4825	4826;1.0E-4
4831	4832;1.0E-4
4846	4847;1.0E-4
4852	4853;1.0E-4
4867	4868;1.0E-4
4873	4874;1.0E-4
4888	4889;1.0E-4
4894	4895;1.0E-4
4906	4907;5.5629465E-5
4912	4913;1.0E-4
4927	4928;1.0E-4
4933	4934;1.0E-4
4948	4949;1.0E-4
4954	4955;1.0E-4
496	497;1.0E-4
4960	4961;1.0E-4
4969	4970;1.0E-4
4975	4976;1.0E-4
4981	4982;1.0E-4
4996	4997;1.0E-4
5005	5006;4.779937E-5
5011	5012;1.0E-4
5026	5027;1.0E-4
5032	5033;1.0E-4
5047	5048;1.0E-4
5053	5054;1.0E-4
5068	5069;1.0E-4
5074	5075;1.0E-4
508	509;6.7942296E-5
5080	5081;1.0E-4
5089	5090;1.0E-4
5095	5096;1.0E-4
5107	5108;6.228505E-5
5113	5114;1.0E-4
5128	5129;1.0E-4
5134	5135;1.0E-4
514	515;1.0E-4
5140	5141;1.0E-4
5149	5150;1.0E-4
5155	5156;1.0E-4
5161	5162;1.0E-4
5176	5177;1.0E-4
5182	5183;1.0E-4
5197	5198;1.0E-4
52	53;1.0E-4
520	521;1.0E-4
5200	0;1.0E-4
5209	5210;7.275095E-5
5215	5216;1.0E-4
5221	5222;1.0E-4
5236	5237;1.0E-4
5242	5243;1.0E-4
5257	5258;1.0E-4
5263	5264;1.0E-4
5278	5279;1.0E-4
5284	5285;1.0E-4
529	530;1.0E-4
5290	5291;1.0E-4
5299	5300;1.0E-4
5302	5303;1.4999998E-5
5317	5318;1.0E-4
5323	5324;1.0E-4
5338	5339;1.0E-4
5344	5345;1.0E-4
535	536;1.0E-4
5350	5351;1.0E-4
5359	5360;1.0E-4
5365	5366;1.0E-4
5371	5372;1.0E-4
5386	5387;1.0E-4
5392	5393;1.0E-4
5404	5405;3.8587496E-5
541	542;1.0E-4
5410	5411;7.68383E-5
5419	5420;1.0E-4
5425	5426;1.0E-4
5431	5432;1.0E-4
5446	5447;1.0E-4
5452	5453;1.0E-4
5467	5468;1.0E-4
5473	5474;1.0E-4
5488	5489;1.0E-4
5494	5495;1.0E-4
5506	5507;5.5629465E-5
5512	5513;1.0E-4
5527	5528;1.0E-4
5533	5534;1.0E-4
5548	5549;1.0E-4
5554	5555;1.0E-4
556	557;1.0E-4
5560	5561;1.0E-4
5569	5570;1.0E-4
5575	5576;1.0E-4
5581	5582;1.0E-4
5596	5597;1.0E-4
5608	5609;6.7942296E-5
5614	5615;1.0E-4
562	563;1.0E-4
5620	5621;1.0E-4
5629	5630;1.0E-4
5635	5636;1.0E-4
5641	5642;1.0E-4
5656	5657;1.0E-4
5662	5663;1.0E-4
5677	5678;1.0E-4
5683	5684;1.0E-4
5698	5699;1.0E-4
5701	5702;0.0
5716	5717;1.0E-4
5722	5723;1.0E-4
5737	5738;1.0E-4
5743	5744;1.0E-4
5758	5759;1.0E-4
5764	5765;1.0E-4
577	578;1.0E-4
5770	5771;1.0E-4
5779	5780;1.0E-4
5785	5786;1.0E-4
5791	5792;1.0E-4
5803	5804;2.7749997E-5
5818	5819;1.0E-4
5824	5825;1.0E-4
583	584;1.0E-4
5830	5831;1.0E-4
5839	5840;1.0E-4
5845	5846;1.0E-4
5851	5852;1.0E-4
5866	5867;1.0E-4
5872	5873;1.0E-4
5887	5888;1.0E-4
5893	5894;1.0E-4
5905	5906;4.779937E-5
5911	5912;1.0E-4
5926	5927;1.0E-4
5932	5933;1.0E-4
5947	5948;1.0E-4
5953	5954;1.0E-4
5968	5969;1.0E-4
5974	5975;1.0E-4
598	599;1.0E-4
5980	5981;1.0E-4
5989	5990;1.0E-4
5995	5996;1.0E-4
6004	6005;3.8587496E-5
601	602;0.0
6010	6011;7.68383E-5
6019	6020;1.0E-4
6025	6026;1.0E-4
6031	6032;1.0E-4
6046	6047;1.0E-4
6052	6053;1.0E-4
6067	6068;1.0E-4
6073	6074;1.0E-4
6088	6089;1.0E-4
6094	6095;1.0E-4
6106	6107;5.5629465E-5
6112	6113;1.0E-4
6127	6128;1.0E-4
6133	6134;1.0E-4
6148	6149;1.0E-4
6154	6155;1.0E-4
616	617;1.0E-4
6160	6161;1.0E-4
6169	6170;1.0E-4
6175	6176;1.0E-4
6181	6182;1.0E-4
6196	6197;1.0E-4
6208	6209;6.7942296E-5
6214	6215;1.0E-4
622	623;1.0E-4
6220	6221;1.0E-4
6229	6230;1.0E-4
6235	6236;1.0E-4
6241	6242;1.0E-4
6256	6257;1.0E-4
6262	6263;1.0E-4
6277	6278;1.0E-4
6283	6284;1.0E-4
6298	6299;1.0E-4
6301	6302;0.0
6316	6317;1.0E-4
6322	6323;1.0E-4
6337	6338;1.0E-4
6343	6344;1.0E-4
6358	6359;1.0E-4
6364	6365;1.0E-4
637	638;1.0E-4
6370	6371;1.0E-4
6379	6380;1.0E-4
6385	6386;1.0E-4
6391	6392;1.0E-4
6403	6404;2.7749997E-5
6418	6419;1.0E-4
6424	6425;1.0E-4
643	644;1.0E-4
6430	6431;1.0E-4
6439	6440;1.0E-4
6445	6446;1.0E-4
6451	6452;1.0E-4
6466	6467;1.0E-4
6472	6473;1.0E-4
6487	6488;1.0E-4
6493	6494;1.0E-4
6505	6506;4.779937E-5
6511	6512;1.0E-4
6526	6527;1.0E-4
6532	6533;1.0E-4
6547	6548;1.0E-4
6553	6554;1.0E-4
6568	6569;1.0E-4
6574	6575;1.0E-4
658	659;1.0E-4
6580	6581;1.0E-4
6589	6590;1.0E-4
6595	6596;1.0E-4
6607	6608;6.228505E-5
6613	6614;1.0E-4
6628	6629;1.0E-4
6634	6635;1.0E-4
664	665;1.0E-4
6640	6641;1.0E-4
6649	6650;1.0E-4
6655	6656;1.0E-4
6661	6662;1.0E-4
6676	6677;1.0E-4
6682	6683;1.0E-4
6697	6698;1.0E-4
67	68;1.0E-4
670	671;1.0E-4
6700	0;1.0E-4
6709	6710;7.275095E-5
6715	6716;1.0E-4
6721	6722;1.0E-4
6736	6737;1.0E-4
6742	6743;1.0E-4
6757	6758;1.0E-4
6763	6764;1.0E-4
6778	6779;1.0E-4
6784	6785;1.0E-4
679	680;1.0E-4
6790	6791;1.0E-4
6799	6800;1.0E-4
6802	6803;1.4999998E-5
6817	6818;1.0E-4
6823	6824;1.0E-4
6838	6839;1.0E-4
6844	6845;1.0E-4
685	686;1.0E-4
6850	6851;1.0E-4
6859	6860;1.0E-4
6865	6866;1.0E-4
6871	6872;1.0E-4
6886	6887;1.0E-4
6892	6893;1.0E-4
6904	6905;3.8587496E-5
691	692;1.0E-4
6910	6911;7.68383E-5
6919	6920;1.0E-4
6925	6926;1.0E-4
6931	6932;1.0E-4
6946	6947;1.0E-4
6952	6953;1.0E-4
6967	6968;1.0E-4
6973	6974;1.0E-4
6988	6989;1.0E-4
6994	6995;1.0E-4
7003	7004;2.7749997E-5
7018	7019;1.0E-4
7024	7025;1.0E-4
703	704;2.7749997E-5
7030	7031;1.0E-4
7039	7040;1.0E-4
7045	7046;1.0E-4
7051	7052;1.0E-4
7066	7067;1.0E-4
7072	7073;1.0E-4
7087	7088;1.0E-4
7093	7094;1.0E-4
7105	7106;4.779937E-5
7111	7112;1.0E-4
7126	7127;1.0E-4
7132	7133;1.0E-4
7147	7148;1.0E-4
7153	7154;1.0E-4
7168	7169;1.0E-4
7174	7175;1.0E-4
718	719;1.0E-4
7180	7181;1.0E-4
7189	7190;1.0E-4
7195	7196;1.0E-4
7207	7208;6.228505E-5
7213	7214;1.0E-4
7228	7229;1.0E-4
7234	7235;1.0E-4
724	725;1.0E-4
7240	7241;1.0E-4
7249	7250;1.0E-4
7255	7256;1.0E-4
7261	7262;1.0E-4
7276	7277;1.0E-4
7282	7283;1.0E-4
7297	7298;1.0E-4
73	74;1.0E-4
730	731;1.0E-4
7300	0;1.0E-4
7309	7310;7.275095E-5
7315	7316;1.0E-4
7321	7322;1.0E-4
7336	7337;1.0E-4
7342	7343;1.0E-4
7357	7358;1.0E-4
7363	7364;1.0E-4
7378	7379;1.0E-4
7384	7385;1.0E-4
739	740;1.0E-4
7390	7391;1.0E-4
7399	7400;1.0E-4
7402	7403;1.4999998E-5
7417	7418;1.0E-4
7423	7424;1.0E-4
7438	7439;1.0E-4
7444	7445;1.0E-4
745	746;1.0E-4
7450	7451;1.0E-4
7459	7460;1.0E-4
7465	7466;1.0E-4
7471	7472;1.0E-4
7486	7487;1.0E-4
7492	7493;1.0E-4
7504	7505;3.8587496E-5
751	752;1.0E-4
7510	7511;7.68383E-5
7519	7520;1.0E-4
7525	7526;1.0E-4
7531	7532;1.0E-4
7546	7547;1.0E-4
7552	7553;1.0E-4
7567	7568;1.0E-4
7573	7574;1.0E-4
7588	7589;1.0E-4
7594	7595;1.0E-4
7606	7607;5.5629465E-5
7612	7613;1.0E-4
7627	7628;1.0E-4
7633	7634;1.0E-4
7648	7649;1.0E-4
7654	7655;1.0E-4
766	767;1.0E-4
7660	7661;1.0E-4
7669	7670;1.0E-4
7675	7676;1.0E-4
7681	7682;1.0E-4
7696	7697;1.0E-4
7708	7709;6.7942296E-5
7714	7715;1.0E-4
772	773;1.0E-4
7720	7721;1.0E-4
7729	7730;1.0E-4
7735	7736;1.0E-4
7741	7742;1.0E-4
7756	7757;1.0E-4
7762	7763;1.0E-4
7777	7778;1.0E-4
7783	7784;1.0E-4
7798	7799;1.0E-4
7801	7802;0.0
7816	7817;1.0E-4
7822	7823;1.0E-4
7837	7838;1.0E-4
7843	7844;1.0E-4
7858	7859;1.0E-4
7864	7865;1.0E-4
787	788;1.0E-4
7870	7871;1.0E-4
7879	7880;1.0E-4
7885	7886;1.0E-4
7891	7892;1.0E-4
7903	7904;2.7749997E-5
7918	7919;1.0E-4
7924	7925;1.0E-4
793	794;1.0E-4
7930	7931;1.0E-4
7939	7940;1.0E-4
7945	7946;1.0E-4
7951	7952;1.0E-4
7966	7967;1.0E-4
7972	7973;1.0E-4
7987	7988;1.0E-4
7993	7994;1.0E-4
8002	8003;1.4999998E-5
8017	8018;1.0E-4
8023	8024;1.0E-4
8038	8039;1.0E-4
8044	8045;1.0E-4
805	806;4.779937E-5
8050	8051;1.0E-4
8059	8060;1.0E-4
8065	8066;1.0E-4
8071	8072;1.0E-4
8086	8087;1.0E-4
8092	8093;1.0E-4
8104	8105;3.8587496E-5
811	812;1.0E-4
8110	8111;7.68383E-5
8119	8120;1.0E-4
8125	8126;1.0E-4
8131	8132;1.0E-4
8146	8147;1.0E-4
8152	8153;1.0E-4
8167	8168;1.0E-4
8173	8174;1.0E-4
8188	8189;1.0E-4
8194	8195;1.0E-4
8206	8207;5.5629465E-5
8212	8213;1.0E-4
8227	8228;1.0E-4
8233	8234;1.0E-4
8248	8249;1.0E-4
8254	8255;1.0E-4
826	827;1.0E-4
8260	8261;1.0E-4
8269	8270;1.0E-4
8275	8276;1.0E-4
8281	8282;1.0E-4
8296	8297;1.0E-4
8308	8309;6.7942296E-5
8314	8315;1.0E-4
832	833;1.0E-4
8320	8321;1.0E-4
8329	8330;1.0E-4
8335	8336;1.0E-4
8341	8342;1.0E-4
8356	8357;1.0E-4
8362	8363;1.0E-4
8377	8378;1.0E-4
8383	8384;1.0E-4
8398	8399;1.0E-4
8401	8402;0.0
8416	8417;1.0E-4
8422	8423;1.0E-4
8437	8438;1.0E-4
8443	8444;1.0E-4
8458	8459;1.0E-4
8464	8465;1.0E-4
847	848;1.0E-4
8470	8471;1.0E-4
8479	8480;1.0E-4
8485	8486;1.0E-4
8491	8492;1.0E-4
8503	8504;2.7749997E-5
8518	8519;1.0E-4
8524	8525;1.0E-4
853	854;1.0E-4
8530	8531;1.0E-4
8539	8540;1.0E-4
8545	8546;1.0E-4
8551	8552;1.0E-4
8566	8567;1.0E-4
8572	8573;1.0E-4
8587	8588;1.0E-4
8593	8594;1.0E-4
8605	8606;4.779937E-5
8611	8612;1.0E-4
8626	8627;1.0E-4
8632	8633;1.0E-4
8647	8648;1.0E-4
8653	8654;1.0E-4
8668	8669;1.0E-4
8674	8675;1.0E-4
868	869;1.0E-4
8680	8681;1.0E-4
8689	8690;1.0E-4
8695	8696;1.0E-4
8707	8708;6.228505E-5
8713	8714;1.0E-4
8728	8729;1.0E-4
8734	8735;1.0E-4
874	875;1.0E-4
8740	8741;1.0E-4
8749	8750;1.0E-4
8755	8756;1.0E-4
8761	8762;1.0E-4
8776	8777;1.0E-4
8782	8783;1.0E-4
8797	8798;1.0E-4
88	89;1.0E-4
880	881;1.0E-4
8800	0;1.0E-4
8809	8810;7.275095E-5
8815	8816;1.0E-4
8821	8822;1.0E-4
8836	8837;1.0E-4
8842	8843;1.0E-4
8857	8858;1.0E-4
8863	8864;1.0E-4
8878	8879;1.0E-4
8884	8885;1.0E-4
889	890;1.0E-4
8890	8891;1.0E-4
8899	8900;1.0E-4
8902	8903;1.4999998E-5
8917	8918;1.0E-4
8923	8924;1.0E-4
8938	8939;1.0E-4
8944	8945;1.0E-4
895	896;1.0E-4
8950	8951;1.0E-4
8959	8960;1.0E-4
8965	8966;1.0E-4
8971	8972;1.0E-4
8986	8987;1.0E-4
8992	8993;1.0E-4
9001	9002;0.0
9016	9017;1.0E-4
9022	9023;1.0E-4
9037	9038;1.0E-4
9043	9044;1.0E-4
9058	9059;1.0E-4
9064	9065;1.0E-4
907	908;6.228505E-5
9070	9071;1.0E-4
9079	9080;1.0E-4
9085	9086;1.0E-4
9091	9092;1.0E-4
9103	9104;2.7749997E-5
9118	9119;1.0E-4
9124	9125;1.0E-4
913	914;1.0E-4
9130	9131;1.0E-4
9139	9140;1.0E-4
9145	9146;1.0E-4
9151	9152;1.0E-4
9166	9167;1.0E-4
9172	9173;1.0E-4
9187	9188;1.0E-4
9193	9194;1.0E-4
9205	9206;4.779937E-5
9211	9212;1.0E-4
9226	9227;1.0E-4
9232	9233;1.0E-4
9247	9248;1.0E-4
9253	9254;1.0E-4
9268	9269;1.0E-4
9274	9275;1.0E-4
928	929;1.0E-4
9280	9281;1.0E-4
9289	9290;1.0E-4
9295	9296;1.0E-4
9307	9308;6.228505E-5
9313	9314;1.0E-4
9328	9329;1.0E-4
9334	9335;1.0E-4
934	935;1.0E-4
9340	9341;1.0E-4
9349	9350;1.0E-4
9355	9356;1.0E-4
9361	9362;1.0E-4
9376	9377;1.0E-4
9382	9383;1.0E-4
9397	9398;1.0E-4
94	95;1.0E-4
940	941;1.0E-4
9400	0;1.0E-4
9409	9410;7.275095E-5
9415	9416;1.0E-4
9421	9422;1.0E-4
9436	9437;1.0E-4
9442	9443;1.0E-4
9457	9458;1.0E-4
9463	9464;1.0E-4
9478	9479;1.0E-4
9484	9485;1.0E-4
949	950;1.0E-4
9490	9491;1.0E-4
9499	9500;1.0E-4
9502	9503;1.4999998E-5
9517	9518;1.0E-4
9523	9524;1.0E-4
9538	9539;1.0E-4
9544	9545;1.0E-4
955	956;1.0E-4
9550	9551;1.0E-4
9559	9560;1.0E-4
9565	9566;1.0E-4
9571	9572;1.0E-4
9586	9587;1.0E-4
9592	9593;1.0E-4
9604	9605;3.8587496E-5
961	962;1.0E-4
9610	9611;7.68383E-5
9619	9620;1.0E-4
9625	9626;1.0E-4
9631	9632;1.0E-4
9646	9647;1.0E-4
9652	9653;1.0E-4
9667	9668;1.0E-4
9673	9674;1.0E-4
9688	9689;1.0E-4
9694	9695;1.0E-4
9706	9707;5.5629465E-5
9712	9713;1.0E-4
9727	9728;1.0E-4
9733	9734;1.0E-4
9748	9749;1.0E-4
9754	9755;1.0E-4
976	977;1.0E-4
9760	9761;1.0E-4
9769	9770;1.0E-4
9775	9776;1.0E-4
9781	9782;1.0E-4
9796	9797;1.0E-4
9808	9809;6.7942296E-5
9814	9815;1.0E-4
982	983;1.0E-4
9820	9821;1.0E-4
9829	9830;1.0E-4
9835	9836;1.0E-4
9841	9842;1.0E-4
9856	9857;1.0E-4
9862	9863;1.0E-4
9877	9878;1.0E-4
9883	9884;1.0E-4
9898	9899;1.0E-4
9901	9902;0.0
9916	9917;1.0E-4
9922	9923;1.0E-4
9937	9938;1.0E-4
9943	9944;1.0E-4
9958	9959;1.0E-4
9964	9965;1.0E-4
997	998;1.0E-4
9970	9971;1.0E-4
9979	9980;1.0E-4
9985	9986;1.0E-4
9991	9992;1.0E-4
