1001	1002;0.0
101	102;0.0
1016	1017;1.0E-4
1022	1023;1.0E-4
1037	1038;1.0E-4
1043	1044;1.0E-4
1058	1059;1.0E-4
1064	1065;1.0E-4
1070	1071;1.0E-4
1079	1080;1.0E-4
1085	1086;1.0E-4
1091	1092;1.0E-4
11	12;1.0E-4
1103	1104;2.7749997E-5
1118	1119;1.0E-4
1124	1125;1.0E-4
1130	1131;1.0E-4
1139	1140;1.0E-4
1145	1146;1.0E-4
1151	1152;1.0E-4
116	117;1.0E-4
1166	1167;1.0E-4
1172	1173;1.0E-4
1187	1188;1.0E-4
1193	1194;1.0E-4
1205	1206;4.779937E-5
1211	1212;1.0E-4
122	123;1.0E-4
1226	1227;1.0E-4
1232	1233;1.0E-4
1247	1248;1.0E-4
1253	1254;1.0E-4
1268	1269;1.0E-4
1274	1275;1.0E-4
1280	1281;1.0E-4
1289	1290;1.0E-4
1295	1296;1.0E-4
1307	1308;6.228505E-5
1313	1314;1.0E-4
1328	1329;1.0E-4
1334	1335;1.0E-4
1340	1341;1.0E-4
1349	1350;1.0E-4
1355	1356;1.0E-4
1361	1362;1.0E-4
137	138;1.0E-4
1376	1377;1.0E-4
1382	1383;1.0E-4
1397	1398;1.0E-4
1400	0;1.0E-4
1409	1410;7.275095E-5
1415	1416;1.0E-4
1421	1422;1.0E-4
143	144;1.0E-4
1436	1437;1.0E-4
1442	1443;1.0E-4
1457	1458;1.0E-4
1463	1464;1.0E-4
1478	1479;1.0E-4
1484	1485;1.0E-4
1490	1491;1.0E-4
1499	1500;1.0E-4
1502	1503;1.4999998E-5
1517	1518;1.0E-4
1523	1524;1.0E-4
1538	1539;1.0E-4
1544	1545;1.0E-4
1550	1551;1.0E-4
1559	1560;1.0E-4
1565	1566;1.0E-4
1571	1572;1.0E-4
158	159;1.0E-4
1586	1587;1.0E-4
1592	1593;1.0E-4
1604	1605;3.8587496E-5
1610	1611;7.68383E-5
1619	1620;1.0E-4
1625	1626;1.0E-4
1631	1632;1.0E-4
164	165;1.0E-4
1646	1647;1.0E-4
1652	1653;1.0E-4
1667	1668;1.0E-4
1673	1674;1.0E-4
1688	1689;1.0E-4
1694	1695;1.0E-4
170	171;1.0E-4
1706	1707;5.5629465E-5
1712	1713;1.0E-4
1727	1728;1.0E-4
1733	1734;1.0E-4
1748	1749;1.0E-4
1754	1755;1.0E-4
1760	1761;1.0E-4
1769	1770;1.0E-4
1775	1776;1.0E-4
1781	1782;1.0E-4
179	180;1.0E-4
1796	1797;1.0E-4
1808	1809;6.7942296E-5
1814	1815;1.0E-4
1820	1821;1.0E-4
1829	1830;1.0E-4
1835	1836;1.0E-4
1841	1842;1.0E-4
185	186;1.0E-4
1856	1857;1.0E-4
1862	1863;1.0E-4
1877	1878;1.0E-4
1883	1884;1.0E-4
1898	1899;1.0E-4
1901	1902;0.0
191	192;1.0E-4
1916	1917;1.0E-4
1922	1923;1.0E-4
1937	1938;1.0E-4
1943	1944;1.0E-4
1958	1959;1.0E-4
1964	1965;1.0E-4
1970	1971;1.0E-4
1979	1980;1.0E-4
1985	1986;1.0E-4
1991	1992;1.0E-4
2	3;1.4999998E-5
2000	0;1.0E-4
2009	2010;7.275095E-5
2015	2016;1.0E-4
2021	2022;1.0E-4
203	204;2.7749997E-5
2036	2037;1.0E-4
2042	2043;1.0E-4
2057	2058;1.0E-4
2063	2064;1.0E-4
2078	2079;1.0E-4
2084	2085;1.0E-4
2090	2091;1.0E-4
2099	2100;1.0E-4
2102	2103;1.4999998E-5
2117	2118;1.0E-4
2123	2124;1.0E-4
2138	2139;1.0E-4
2144	2145;1.0E-4
2150	2151;1.0E-4
2159	2160;1.0E-4
2165	2166;1.0E-4
2171	2172;1.0E-4
218	219;1.0E-4
2186	2187;1.0E-4
2192	2193;1.0E-4
2204	2205;3.8587496E-5
2210	2211;7.68383E-5
2219	2220;1.0E-4
2225	2226;1.0E-4
2231	2232;1.0E-4
224	225;1.0E-4
2246	2247;1.0E-4
2252	2253;1.0E-4
2267	2268;1.0E-4
2273	2274;1.0E-4
2288	2289;1.0E-4
2294	2295;1.0E-4
230	231;1.0E-4
2306	2307;5.5629465E-5
2312	2313;1.0E-4
2327	2328;1.0E-4
2333	2334;1.0E-4
2348	2349;1.0E-4
2354	2355;1.0E-4
2360	2361;1.0E-4
2369	2370;1.0E-4
2375	2376;1.0E-4
2381	2382;1.0E-4
239	240;1.0E-4
2396	2397;1.0E-4
2408	2409;6.7942296E-5
2414	2415;1.0E-4
2420	2421;1.0E-4
2429	2430;1.0E-4
2435	2436;1.0E-4
2441	2442;1.0E-4
245	246;1.0E-4
2456	2457;1.0E-4
2462	2463;1.0E-4
2477	2478;1.0E-4
2483	2484;1.0E-4
2498	2499;1.0E-4
2501	2502;0.0
251	252;1.0E-4
2516	2517;1.0E-4
2522	2523;1.0E-4
2537	2538;1.0E-4
2543	2544;1.0E-4
2558	2559;1.0E-4
2564	2565;1.0E-4
2570	2571;1.0E-4
2579	2580;1.0E-4
2585	2586;1.0E-4
2591	2592;1.0E-4
26	27;1.0E-4
2603	2604;2.7749997E-5
2618	2619;1.0E-4
2624	2625;1.0E-4
2630	2631;1.0E-4
2639	2640;1.0E-4
2645	2646;1.0E-4
2651	2652;1.0E-4
266	267;1.0E-4
2666	2667;1.0E-4
2672	2673;1.0E-4
2687	2688;1.0E-4
2693	2694;1.0E-4
2705	2706;4.779937E-5
2711	2712;1.0E-4
272	273;1.0E-4
2726	2727;1.0E-4
2732	2733;1.0E-4
2747	2748;1.0E-4
2753	2754;1.0E-4
2768	2769;1.0E-4
2774	2775;1.0E-4
2780	2781;1.0E-4
2789	2790;1.0E-4
2795	2796;1.0E-4
2807	2808;6.228505E-5
2813	2814;1.0E-4
2828	2829;1.0E-4
2834	2835;1.0E-4
2840	2841;1.0E-4
2849	2850;1.0E-4
2855	2856;1.0E-4
2861	2862;1.0E-4
287	288;1.0E-4
2876	2877;1.0E-4
2882	2883;1.0E-4
2897	2898;1.0E-4
2900	0;1.0E-4
2909	2910;7.275095E-5
2915	2916;1.0E-4
2921	2922;1.0E-4
293	294;1.0E-4
2936	2937;1.0E-4
2942	2943;1.0E-4
2957	2958;1.0E-4
2963	2964;1.0E-4
2978	2979;1.0E-4
2984	2985;1.0E-4
2990	2991;1.0E-4
2999	3000;1.0E-4
3008	3009;6.7942296E-5
3014	3015;1.0E-4
3020	3021;1.0E-4
3029	3030;1.0E-4
3035	3036;1.0E-4
3041	3042;1.0E-4
305	306;4.779937E-5
3056	3057;1.0E-4
3062	3063;1.0E-4
3077	3078;1.0E-4
3083	3084;1.0E-4
3098	3099;1.0E-4
3101	3102;0.0
311	312;1.0E-4
3116	3117;1.0E-4
3122	3123;1.0E-4
3137	3138;1.0E-4
3143	3144;1.0E-4
3158	3159;1.0E-4
3164	3165;1.0E-4
3170	3171;1.0E-4
3179	3180;1.0E-4
3185	3186;1.0E-4
3191	3192;1.0E-4
32	33;1.0E-4
3203	3204;2.7749997E-5
3218	3219;1.0E-4
3224	3225;1.0E-4
3230	3231;1.0E-4
3239	3240;1.0E-4
3245	3246;1.0E-4
3251	3252;1.0E-4
326	327;1.0E-4
3266	3267;1.0E-4
3272	3273;1.0E-4
3287	3288;1.0E-4
3293	3294;1.0E-4
3305	3306;4.779937E-5
3311	3312;1.0E-4
332	333;1.0E-4
3326	3327;1.0E-4
3332	3333;1.0E-4
3347	3348;1.0E-4
3353	3354;1.0E-4
3368	3369;1.0E-4
3374	3375;1.0E-4
3380	3381;1.0E-4
3389	3390;1.0E-4
3395	3396;1.0E-4
3407	3408;6.228505E-5
3413	3414;1.0E-4
3428	3429;1.0E-4
3434	3435;1.0E-4
3440	3441;1.0E-4
3449	3450;1.0E-4
3455	3456;1.0E-4
3461	3462;1.0E-4
347	348;1.0E-4
3476	3477;1.0E-4
3482	3483;1.0E-4
3497	3498;1.0E-4
3500	0;1.0E-4
3509	3510;7.275095E-5
3515	3516;1.0E-4
3521	3522;1.0E-4
353	354;1.0E-4
3536	3537;1.0E-4
3542	3543;1.0E-4
3557	3558;1.0E-4
3563	3564;1.0E-4
3578	3579;1.0E-4
3584	3585;1.0E-4
3590	3591;1.0E-4
3599	3600;1.0E-4
3602	3603;1.4999998E-5
3617	3618;1.0E-4
3623	3624;1.0E-4
3638	3639;1.0E-4
3644	3645;1.0E-4
3650	3651;1.0E-4
3659	3660;1.0E-4
3665	3666;1.0E-4
3671	3672;1.0E-4
368	369;1.0E-4
3686	3687;1.0E-4
3692	3693;1.0E-4
3704	3705;3.8587496E-5
3710	3711;7.68383E-5
3719	3720;1.0E-4
3725	3726;1.0E-4
3731	3732;1.0E-4
374	375;1.0E-4
3746	3747;1.0E-4
3752	3753;1.0E-4
3767	3768;1.0E-4
3773	3774;1.0E-4
3788	3789;1.0E-4
3794	3795;1.0E-4
380	381;1.0E-4
3806	3807;5.5629465E-5
3812	3813;1.0E-4
3827	3828;1.0E-4
3833	3834;1.0E-4
3848	3849;1.0E-4
3854	3855;1.0E-4
3860	3861;1.0E-4
3869	3870;1.0E-4
3875	3876;1.0E-4
3881	3882;1.0E-4
389	390;1.0E-4
3896	3897;1.0E-4
3908	3909;6.7942296E-5
3914	3915;1.0E-4
3920	3921;1.0E-4
3929	3930;1.0E-4
3935	3936;1.0E-4
3941	3942;1.0E-4
395	396;1.0E-4
3956	3957;1.0E-4
3962	3963;1.0E-4
3977	3978;1.0E-4
3983	3984;1.0E-4
3998	3999;1.0E-4
4007	4008;6.228505E-5
4013	4014;1.0E-4
4028	4029;1.0E-4
4034	4035;1.0E-4
4040	4041;1.0E-4
4049	4050;1.0E-4
4055	4056;1.0E-4
4061	4062;1.0E-4
407	408;6.228505E-5
4076	4077;1.0E-4
4082	4083;1.0E-4
4097	4098;1.0E-4
4100	0;1.0E-4
4109	4110;7.275095E-5
4115	4116;1.0E-4
4121	4122;1.0E-4
413	414;1.0E-4
4136	4137;1.0E-4
4142	4143;1.0E-4
4157	4158;1.0E-4
4163	4164;1.0E-4
4178	4179;1.0E-4
4184	4185;1.0E-4
4190	4191;1.0E-4
4199	4200;1.0E-4
4202	4203;1.4999998E-5
4217	4218;1.0E-4
4223	4224;1.0E-4
4238	4239;1.0E-4
4244	4245;1.0E-4
4250	4251;1.0E-4
4259	4260;1.0E-4
4265	4266;1.0E-4
4271	4272;1.0E-4
428	429;1.0E-4
4286	4287;1.0E-4
4292	4293;1.0E-4
4304	4305;3.8587496E-5
4310	4311;7.68383E-5
4319	4320;1.0E-4
4325	4326;1.0E-4
4331	4332;1.0E-4
434	435;1.0E-4
4346	4347;1.0E-4
4352	4353;1.0E-4
4367	4368;1.0E-4
4373	4374;1.0E-4
4388	4389;1.0E-4
4394	4395;1.0E-4
440	441;1.0E-4
4406	4407;5.5629465E-5
4412	4413;1.0E-4
4427	4428;1.0E-4
4433	4434;1.0E-4
4448	4449;1.0E-4
4454	4455;1.0E-4
4460	4461;1.0E-4
4469	4470;1.0E-4
4475	4476;1.0E-4
4481	4482;1.0E-4
449	450;1.0E-4
4496	4497;1.0E-4
4508	4509;6.7942296E-5
4514	4515;1.0E-4
4520	4521;1.0E-4
4529	4530;1.0E-4
4535	4536;1.0E-4
4541	4542;1.0E-4
455	456;1.0E-4
4556	4557;1.0E-4
4562	4563;1.0E-4
4577	4578;1.0E-4
4583	4584;1.0E-4
4598	4599;1.0E-4
4601	4602;0.0
461	462;1.0E-4
4616	4617;1.0E-4
4622	4623;1.0E-4
4637	4638;1.0E-4
4643	4644;1.0E-4
4658	4659;1.0E-4
4664	4665;1.0E-4
4670	4671;1.0E-4
4679	4680;1.0E-4
4685	4686;1.0E-4
4691	4692;1.0E-4
47	48;1.0E-4
4703	4704;2.7749997E-5
4718	4719;1.0E-4
4724	4725;1.0E-4
4730	4731;1.0E-4
4739	4740;1.0E-4
4745	4746;1.0E-4
4751	4752;1.0E-4
476	477;1.0E-4
4766	4767;1.0E-4
4772	4773;1.0E-4
4787	4788;1.0E-4
4793	4794;1.0E-4
4805	4806;4.779937E-5
4811	4812;1.0E-4
482	483;1.0E-4
4826	4827;1.0E-4
4832	4833;1.0E-4
4847	4848;1.0E-4
4853	4854;1.0E-4
4868	4869;1.0E-4
4874	4875;1.0E-4
4880	4881;1.0E-4
4889	4890;1.0E-4
4895	4896;1.0E-4
4907	4908;6.228505E-5
4913	4914;1.0E-4
4928	4929;1.0E-4
4934	4935;1.0E-4
4940	4941;1.0E-4
4949	4950;1.0E-4
4955	4956;1.0E-4
4961	4962;1.0E-4
497	498;1.0E-4
4976	4977;1.0E-4
4982	4983;1.0E-4
4997	4998;1.0E-4
500	0;1.0E-4
5006	5007;5.5629465E-5
5012	5013;1.0E-4
5027	5028;1.0E-4
5033	5034;1.0E-4
5048	5049;1.0E-4
5054	5055;1.0E-4
5060	5061;1.0E-4
5069	5070;1.0E-4
5075	5076;1.0E-4
5081	5082;1.0E-4
509	510;7.275095E-5
5096	5097;1.0E-4
5108	5109;6.7942296E-5
5114	5115;1.0E-4
5120	5121;1.0E-4
5129	5130;1.0E-4
5135	5136;1.0E-4
5141	5142;1.0E-4
515	516;1.0E-4
5156	5157;1.0E-4
5162	5163;1.0E-4
5177	5178;1.0E-4
5183	5184;1.0E-4
5198	5199;1.0E-4
5201	5202;0.0
521	522;1.0E-4
5216	5217;1.0E-4
5222	5223;1.0E-4
5237	5238;1.0E-4
5243	5244;1.0E-4
5258	5259;1.0E-4
5264	5265;1.0E-4
5270	5271;1.0E-4
5279	5280;1.0E-4
5285	5286;1.0E-4
5291	5292;1.0E-4
53	54;1.0E-4
5303	5304;2.7749997E-5
5318	5319;1.0E-4
5324	5325;1.0E-4
5330	5331;1.0E-4
5339	5340;1.0E-4
5345	5346;1.0E-4
5351	5352;1.0E-4
536	537;1.0E-4
5366	5367;1.0E-4
5372	5373;1.0E-4
5387	5388;1.0E-4
5393	5394;1.0E-4
5405	5406;4.779937E-5
5411	5412;1.0E-4
542	543;1.0E-4
5426	5427;1.0E-4
5432	5433;1.0E-4
5447	5448;1.0E-4
5453	5454;1.0E-4
5468	5469;1.0E-4
5474	5475;1.0E-4
5480	5481;1.0E-4
5489	5490;1.0E-4
5495	5496;1.0E-4
5507	5508;6.228505E-5
5513	5514;1.0E-4
5528	5529;1.0E-4
5534	5535;1.0E-4
5540	5541;1.0E-4
5549	5550;1.0E-4
5555	5556;1.0E-4
5561	5562;1.0E-4
557	558;1.0E-4
5576	5577;1.0E-4
5582	5583;1.0E-4
5597	5598;1.0E-4
5600	0;1.0E-4
5609	5610;7.275095E-5
5615	5616;1.0E-4
5621	5622;1.0E-4
563	564;1.0E-4
5636	5637;1.0E-4
5642	5643;1.0E-4
5657	5658;1.0E-4
5663	5664;1.0E-4
5678	5679;1.0E-4
5684	5685;1.0E-4
5690	5691;1.0E-4
5699	5700;1.0E-4
5702	5703;1.4999998E-5
5717	5718;1.0E-4
5723	5724;1.0E-4
5738	5739;1.0E-4
5744	5745;1.0E-4
5750	5751;1.0E-4
5759	5760;1.0E-4
5765	5766;1.0E-4
5771	5772;1.0E-4
578	579;1.0E-4
5786	5787;1.0E-4
5792	5793;1.0E-4
5804	5805;3.8587496E-5
5810	5811;7.68383E-5
5819	5820;1.0E-4
5825	5826;1.0E-4
5831	5832;1.0E-4
584	585;1.0E-4
5846	5847;1.0E-4
5852	5853;1.0E-4
5867	5868;1.0E-4
5873	5874;1.0E-4
5888	5889;1.0E-4
5894	5895;1.0E-4
590	591;1.0E-4
5906	5907;5.5629465E-5
5912	5913;1.0E-4
5927	5928;1.0E-4
5933	5934;1.0E-4
5948	5949;1.0E-4
5954	5955;1.0E-4
5960	5961;1.0E-4
5969	5970;1.0E-4
5975	5976;1.0E-4
5981	5982;1.0E-4
599	600;1.0E-4
5996	5997;1.0E-4
6005	6006;4.779937E-5
6011	6012;1.0E-4
602	603;1.4999998E-5
6026	6027;1.0E-4
6032	6033;1.0E-4
6047	6048;1.0E-4
6053	6054;1.0E-4
6068	6069;1.0E-4
6074	6075;1.0E-4
6080	6081;1.0E-4
6089	6090;1.0E-4
6095	6096;1.0E-4
6107	6108;6.228505E-5
6113	6114;1.0E-4
6128	6129;1.0E-4
6134	6135;1.0E-4
6140	6141;1.0E-4
6149	6150;1.0E-4
6155	6156;1.0E-4
6161	6162;1.0E-4
617	618;1.0E-4
6176	6177;1.0E-4
6182	6183;1.0E-4
6197	6198;1.0E-4
6200	0;1.0E-4
6209	6210;7.275095E-5
6215	6216;1.0E-4
6221	6222;1.0E-4
623	624;1.0E-4
6236	6237;1.0E-4
6242	6243;1.0E-4
6257	6258;1.0E-4
6263	6264;1.0E-4
6278	6279;1.0E-4
6284	6285;1.0E-4
6290	6291;1.0E-4
6299	6300;1.0E-4
6302	6303;1.4999998E-5
6317	6318;1.0E-4
6323	6324;1.0E-4
6338	6339;1.0E-4
6344	6345;1.0E-4
6350	6351;1.0E-4
6359	6360;1.0E-4
6365	6366;1.0E-4
6371	6372;1.0E-4
638	639;1.0E-4
6386	6387;1.0E-4
6392	6393;1.0E-4
6404	6405;3.8587496E-5
6410	6411;7.68383E-5
6419	6420;1.0E-4
6425	6426;1.0E-4
6431	6432;1.0E-4
644	645;1.0E-4
6446	6447;1.0E-4
6452	6453;1.0E-4
6467	6468;1.0E-4
6473	6474;1.0E-4
6488	6489;1.0E-4
6494	6495;1.0E-4
650	651;1.0E-4
6506	6507;5.5629465E-5
6512	6513;1.0E-4
6527	6528;1.0E-4
6533	6534;1.0E-4
6548	6549;1.0E-4
6554	6555;1.0E-4
6560	6561;1.0E-4
6569	6570;1.0E-4
6575	6576;1.0E-4
6581	6582;1.0E-4
659	660;1.0E-4
6596	6597;1.0E-4
6608	6609;6.7942296E-5
6614	6615;1.0E-4
6620	6621;1.0E-4
6629	6630;1.0E-4
6635	6636;1.0E-4
6641	6642;1.0E-4
665	666;1.0E-4
6656	6657;1.0E-4
6662	6663;1.0E-4
6677	6678;1.0E-4
6683	6684;1.0E-4
6698	6699;1.0E-4
6701	6702;0.0
671	672;1.0E-4
6716	6717;1.0E-4
6722	6723;1.0E-4
6737	6738;1.0E-4
6743	6744;1.0E-4
6758	6759;1.0E-4
6764	6765;1.0E-4
6770	6771;1.0E-4
6779	6780;1.0E-4
6785	6786;1.0E-4
6791	6792;1.0E-4
68	69;1.0E-4
6803	6804;2.7749997E-5
6818	6819;1.0E-4
6824	6825;1.0E-4
6830	6831;1.0E-4
6839	6840;1.0E-4
6845	6846;1.0E-4
6851	6852;1.0E-4
686	687;1.0E-4
6866	6867;1.0E-4
6872	6873;1.0E-4
6887	6888;1.0E-4
6893	6894;1.0E-4
6905	6906;4.779937E-5
6911	6912;1.0E-4
692	693;1.0E-4
6926	6927;1.0E-4
6932	6933;1.0E-4
6947	6948;1.0E-4
6953	6954;1.0E-4
6968	6969;1.0E-4
6974	6975;1.0E-4
6980	6981;1.0E-4
6989	6990;1.0E-4
6995	6996;1.0E-4
7004	7005;3.8587496E-5
7010	7011;7.68383E-5
7019	7020;1.0E-4
7025	7026;1.0E-4
7031	7032;1.0E-4
704	705;3.8587496E-5
7046	7047;1.0E-4
7052	7053;1.0E-4
7067	7068;1.0E-4
7073	7074;1.0E-4
7088	7089;1.0E-4
7094	7095;1.0E-4
710	711;7.68383E-5
7106	7107;5.5629465E-5
7112	7113;1.0E-4
7127	7128;1.0E-4
7133	7134;1.0E-4
7148	7149;1.0E-4
7154	7155;1.0E-4
7160	7161;1.0E-4
7169	7170;1.0E-4
7175	7176;1.0E-4
7181	7182;1.0E-4
719	720;1.0E-4
7196	7197;1.0E-4
7208	7209;6.7942296E-5
7214	7215;1.0E-4
7220	7221;1.0E-4
7229	7230;1.0E-4
7235	7236;1.0E-4
7241	7242;1.0E-4
725	726;1.0E-4
7256	7257;1.0E-4
7262	7263;1.0E-4
7277	7278;1.0E-4
7283	7284;1.0E-4
7298	7299;1.0E-4
7301	7302;0.0
731	732;1.0E-4
7316	7317;1.0E-4
7322	7323;1.0E-4
7337	7338;1.0E-4
7343	7344;1.0E-4
7358	7359;1.0E-4
7364	7365;1.0E-4
7370	7371;1.0E-4
7379	7380;1.0E-4
7385	7386;1.0E-4
7391	7392;1.0E-4
74	75;1.0E-4
7403	7404;2.7749997E-5
7418	7419;1.0E-4
7424	7425;1.0E-4
7430	7431;1.0E-4
7439	7440;1.0E-4
7445	7446;1.0E-4
7451	7452;1.0E-4
746	747;1.0E-4
7466	7467;1.0E-4
7472	7473;1.0E-4
7487	7488;1.0E-4
7493	7494;1.0E-4
7505	7506;4.779937E-5
7511	7512;1.0E-4
752	753;1.0E-4
7526	7527;1.0E-4
7532	7533;1.0E-4
7547	7548;1.0E-4
7553	7554;1.0E-4
7568	7569;1.0E-4
7574	7575;1.0E-4
7580	7581;1.0E-4
7589	7590;1.0E-4
7595	7596;1.0E-4
7607	7608;6.228505E-5
7613	7614;1.0E-4
7628	7629;1.0E-4
7634	7635;1.0E-4
7640	7641;1.0E-4
7649	7650;1.0E-4
7655	7656;1.0E-4
7661	7662;1.0E-4
767	768;1.0E-4
7676	7677;1.0E-4
7682	7683;1.0E-4
7697	7698;1.0E-4
7700	0;1.0E-4
7709	7710;7.275095E-5
7715	7716;1.0E-4
7721	7722;1.0E-4
773	774;1.0E-4
7736	7737;1.0E-4
7742	7743;1.0E-4
7757	7758;1.0E-4
7763	7764;1.0E-4
7778	7779;1.0E-4
7784	7785;1.0E-4
7790	7791;1.0E-4
7799	7800;1.0E-4
7802	7803;1.4999998E-5
7817	7818;1.0E-4
7823	7824;1.0E-4
7838	7839;1.0E-4
7844	7845;1.0E-4
7850	7851;1.0E-4
7859	7860;1.0E-4
7865	7866;1.0E-4
7871	7872;1.0E-4
788	789;1.0E-4
7886	7887;1.0E-4
7892	7893;1.0E-4
7904	7905;3.8587496E-5
7910	7911;7.68383E-5
7919	7920;1.0E-4
7925	7926;1.0E-4
7931	7932;1.0E-4
794	795;1.0E-4
7946	7947;1.0E-4
7952	7953;1.0E-4
7967	7968;1.0E-4
7973	7974;1.0E-4
7988	7989;1.0E-4
7994	7995;1.0E-4
80	81;1.0E-4
8003	8004;2.7749997E-5
8018	8019;1.0E-4
8024	8025;1.0E-4
8030	8031;1.0E-4
8039	8040;1.0E-4
8045	8046;1.0E-4
8051	8052;1.0E-4
806	807;5.5629465E-5
8066	8067;1.0E-4
8072	8073;1.0E-4
8087	8088;1.0E-4
8093	8094;1.0E-4
8105	8106;4.779937E-5
8111	8112;1.0E-4
812	813;1.0E-4
8126	8127;1.0E-4
8132	8133;1.0E-4
8147	8148;1.0E-4
8153	8154;1.0E-4
8168	8169;1.0E-4
8174	8175;1.0E-4
8180	8181;1.0E-4
8189	8190;1.0E-4
8195	8196;1.0E-4
8207	8208;6.228505E-5
8213	8214;1.0E-4
8228	8229;1.0E-4
8234	8235;1.0E-4
8240	8241;1.0E-4
8249	8250;1.0E-4
8255	8256;1.0E-4
8261	8262;1.0E-4
827	828;1.0E-4
8276	8277;1.0E-4
8282	8283;1.0E-4
8297	8298;1.0E-4
8300	0;1.0E-4
8309	8310;7.275095E-5
8315	8316;1.0E-4
8321	8322;1.0E-4
833	834;1.0E-4
8336	8337;1.0E-4
8342	8343;1.0E-4
8357	8358;1.0E-4
8363	8364;1.0E-4
8378	8379;1.0E-4
8384	8385;1.0E-4
8390	8391;1.0E-4
8399	8400;1.0E-4
8402	8403;1.4999998E-5
8417	8418;1.0E-4
8423	8424;1.0E-4
8438	8439;1.0E-4
8444	8445;1.0E-4
8450	8451;1.0E-4
8459	8460;1.0E-4
8465	8466;1.0E-4
8471	8472;1.0E-4
848	849;1.0E-4
8486	8487;1.0E-4
8492	8493;1.0E-4
8504	8505;3.8587496E-5
8510	8511;7.68383E-5
8519	8520;1.0E-4
8525	8526;1.0E-4
8531	8532;1.0E-4
854	855;1.0E-4
8546	8547;1.0E-4
8552	8553;1.0E-4
8567	8568;1.0E-4
8573	8574;1.0E-4
8588	8589;1.0E-4
8594	8595;1.0E-4
860	861;1.0E-4
8606	8607;5.5629465E-5
8612	8613;1.0E-4
8627	8628;1.0E-4
8633	8634;1.0E-4
8648	8649;1.0E-4
8654	8655;1.0E-4
8660	8661;1.0E-4
8669	8670;1.0E-4
8675	8676;1.0E-4
8681	8682;1.0E-4
869	870;1.0E-4
8696	8697;1.0E-4
8708	8709;6.7942296E-5
8714	8715;1.0E-4
8720	8721;1.0E-4
8729	8730;1.0E-4
8735	8736;1.0E-4
8741	8742;1.0E-4
875	876;1.0E-4
8756	8757;1.0E-4
8762	8763;1.0E-4
8777	8778;1.0E-4
8783	8784;1.0E-4
8798	8799;1.0E-4
8801	8802;0.0
881	882;1.0E-4
8816	8817;1.0E-4
8822	8823;1.0E-4
8837	8838;1.0E-4
8843	8844;1.0E-4
8858	8859;1.0E-4
8864	8865;1.0E-4
8870	8871;1.0E-4
8879	8880;1.0E-4
8885	8886;1.0E-4
8891	8892;1.0E-4
89	90;1.0E-4
8903	8904;2.7749997E-5
8918	8919;1.0E-4
8924	8925;1.0E-4
8930	8931;1.0E-4
8939	8940;1.0E-4
8945	8946;1.0E-4
8951	8952;1.0E-4
896	897;1.0E-4
8966	8967;1.0E-4
8972	8973;1.0E-4
8987	8988;1.0E-4
8993	8994;1.0E-4
9002	9003;1.4999998E-5
9017	9018;1.0E-4
9023	9024;1.0E-4
9038	9039;1.0E-4
9044	9045;1.0E-4
9050	9051;1.0E-4
9059	9060;1.0E-4
9065	9066;1.0E-4
9071	9072;1.0E-4
908	909;6.7942296E-5
9086	9087;1.0E-4
9092	9093;1.0E-4
9104	9105;3.8587496E-5
9110	9111;7.68383E-5
9119	9120;1.0E-4
9125	9126;1.0E-4
9131	9132;1.0E-4
914	915;1.0E-4
9146	9147;1.0E-4
9152	9153;1.0E-4
9167	9168;1.0E-4
9173	9174;1.0E-4
9188	9189;1.0E-4
9194	9195;1.0E-4
920	921;1.0E-4
9206	9207;5.5629465E-5
9212	9213;1.0E-4
9227	9228;1.0E-4
9233	9234;1.0E-4
9248	9249;1.0E-4
9254	9255;1.0E-4
9260	9261;1.0E-4
9269	9270;1.0E-4
9275	9276;1.0E-4
9281	9282;1.0E-4
929	930;1.0E-4
9296	9297;1.0E-4
9308	9309;6.7942296E-5
9314	9315;1.0E-4
9320	9321;1.0E-4
9329	9330;1.0E-4
9335	9336;1.0E-4
9341	9342;1.0E-4
935	936;1.0E-4
9356	9357;1.0E-4
9362	9363;1.0E-4
9377	9378;1.0E-4
9383	9384;1.0E-4
9398	9399;1.0E-4
9401	9402;0.0
941	942;1.0E-4
9416	9417;1.0E-4
9422	9423;1.0E-4
9437	9438;1.0E-4
9443	9444;1.0E-4
9458	9459;1.0E-4
9464	9465;1.0E-4
9470	9471;1.0E-4
9479	9480;1.0E-4
9485	9486;1.0E-4
9491	9492;1.0E-4
95	96;1.0E-4
9503	9504;2.7749997E-5
9518	9519;1.0E-4
9524	9525;1.0E-4
9530	9531;1.0E-4
9539	9540;1.0E-4
9545	9546;1.0E-4
9551	9552;1.0E-4
956	957;1.0E-4
9566	9567;1.0E-4
9572	9573;1.0E-4
9587	9588;1.0E-4
9593	9594;1.0E-4
9605	9606;4.779937E-5
9611	9612;1.0E-4
962	963;1.0E-4
9626	9627;1.0E-4
9632	9633;1.0E-4
9647	9648;1.0E-4
9653	9654;1.0E-4
9668	9669;1.0E-4
9674	9675;1.0E-4
9680	9681;1.0E-4
9689	9690;1.0E-4
9695	9696;1.0E-4
9707	9708;6.228505E-5
9713	9714;1.0E-4
9728	9729;1.0E-4
9734	9735;1.0E-4
9740	9741;1.0E-4
9749	9750;1.0E-4
9755	9756;1.0E-4
9761	9762;1.0E-4
977	978;1.0E-4
9776	9777;1.0E-4
9782	9783;1.0E-4
9797	9798;1.0E-4
9800	0;1.0E-4
9809	9810;7.275095E-5
9815	9816;1.0E-4
9821	9822;1.0E-4
983	984;1.0E-4
9836	9837;1.0E-4
9842	9843;1.0E-4
9857	9858;1.0E-4
9863	9864;1.0E-4
9878	9879;1.0E-4
9884	9885;1.0E-4
9890	9891;1.0E-4
9899	9900;1.0E-4
9902	9903;1.4999998E-5
9917	9918;1.0E-4
9923	9924;1.0E-4
9938	9939;1.0E-4
9944	9945;1.0E-4
9950	9951;1.0E-4
9959	9960;1.0E-4
9965	9966;1.0E-4
9971	9972;1.0E-4
998	999;1.0E-4
9986	9987;1.0E-4
9992	9993;1.0E-4
