1007	1008;6.228505E-5
1013	1014;1.0E-4
1028	1029;1.0E-4
1034	1035;1.0E-4
1040	1041;1.0E-4
1049	1050;1.0E-4
1055	1056;1.0E-4
1061	1062;1.0E-4
107	108;6.228505E-5
1076	1077;1.0E-4
1082	1083;1.0E-4
1097	1098;1.0E-4
1100	0;1.0E-4
1109	1110;7.275095E-5
1115	1116;1.0E-4
1121	1122;1.0E-4
113	114;1.0E-4
1136	1137;1.0E-4
1142	1143;1.0E-4
1157	1158;1.0E-4
1163	1164;1.0E-4
1178	1179;1.0E-4
1184	1185;1.0E-4
1190	1191;1.0E-4
1199	1200;1.0E-4
1202	1203;1.4999998E-5
1217	1218;1.0E-4
1223	1224;1.0E-4
1238	1239;1.0E-4
1244	1245;1.0E-4
1250	1251;1.0E-4
1259	1260;1.0E-4
1265	1266;1.0E-4
1271	1272;1.0E-4
128	129;1.0E-4
1286	1287;1.0E-4
1292	1293;1.0E-4
1304	1305;3.8587496E-5
1310	1311;7.68383E-5
1319	1320;1.0E-4
1325	1326;1.0E-4
1331	1332;1.0E-4
134	135;1.0E-4
1346	1347;1.0E-4
1352	1353;1.0E-4
1367	1368;1.0E-4
1373	1374;1.0E-4
1388	1389;1.0E-4
1394	1395;1.0E-4
140	141;1.0E-4
1406	1407;5.5629465E-5
1412	1413;1.0E-4
1427	1428;1.0E-4
1433	1434;1.0E-4
1448	1449;1.0E-4
1454	1455;1.0E-4
1460	1461;1.0E-4
1469	1470;1.0E-4
1475	1476;1.0E-4
1481	1482;1.0E-4
149	150;1.0E-4
1496	1497;1.0E-4
1508	1509;6.7942296E-5
1514	1515;1.0E-4
1520	1521;1.0E-4
1529	1530;1.0E-4
1535	1536;1.0E-4
1541	1542;1.0E-4
155	156;1.0E-4
1556	1557;1.0E-4
1562	1563;1.0E-4
1577	1578;1.0E-4
1583	1584;1.0E-4
1598	1599;1.0E-4
1601	1602;0.0
161	162;1.0E-4
1616	1617;1.0E-4
1622	1623;1.0E-4
1637	1638;1.0E-4
1643	1644;1.0E-4
1658	1659;1.0E-4
1664	1665;1.0E-4
1670	1671;1.0E-4
1679	1680;1.0E-4
1685	1686;1.0E-4
1691	1692;1.0E-4
17	18;1.0E-4
1703	1704;2.7749997E-5
1718	1719;1.0E-4
1724	1725;1.0E-4
1730	1731;1.0E-4
1739	1740;1.0E-4
1745	1746;1.0E-4
1751	1752;1.0E-4
176	177;1.0E-4
1766	1767;1.0E-4
1772	1773;1.0E-4
1787	1788;1.0E-4
1793	1794;1.0E-4
1805	1806;4.779937E-5
1811	1812;1.0E-4
182	183;1.0E-4
1826	1827;1.0E-4
1832	1833;1.0E-4
1847	1848;1.0E-4
1853	1854;1.0E-4
1868	1869;1.0E-4
1874	1875;1.0E-4
1880	1881;1.0E-4
1889	1890;1.0E-4
1895	1896;1.0E-4
1907	1908;6.228505E-5
1913	1914;1.0E-4
1928	1929;1.0E-4
1934	1935;1.0E-4
1940	1941;1.0E-4
1949	1950;1.0E-4
1955	1956;1.0E-4
1961	1962;1.0E-4
197	198;1.0E-4
1976	1977;1.0E-4
1982	1983;1.0E-4
1997	1998;1.0E-4
200	0;1.0E-4
2006	2007;5.5629465E-5
2012	2013;1.0E-4
2027	2028;1.0E-4
2033	2034;1.0E-4
2048	2049;1.0E-4
2054	2055;1.0E-4
2060	2061;1.0E-4
2069	2070;1.0E-4
2075	2076;1.0E-4
2081	2082;1.0E-4
209	210;7.275095E-5
2096	2097;1.0E-4
2108	2109;6.7942296E-5
2114	2115;1.0E-4
2120	2121;1.0E-4
2129	2130;1.0E-4
2135	2136;1.0E-4
2141	2142;1.0E-4
215	216;1.0E-4
2156	2157;1.0E-4
2162	2163;1.0E-4
2177	2178;1.0E-4
2183	2184;1.0E-4
2198	2199;1.0E-4
2201	2202;0.0
221	222;1.0E-4
2216	2217;1.0E-4
2222	2223;1.0E-4
2237	2238;1.0E-4
2243	2244;1.0E-4
2258	2259;1.0E-4
2264	2265;1.0E-4
2270	2271;1.0E-4
2279	2280;1.0E-4
2285	2286;1.0E-4
2291	2292;1.0E-4
23	24;1.0E-4
2303	2304;2.7749997E-5
2318	2319;1.0E-4
2324	2325;1.0E-4
2330	2331;1.0E-4
2339	2340;1.0E-4
2345	2346;1.0E-4
2351	2352;1.0E-4
236	237;1.0E-4
2366	2367;1.0E-4
2372	2373;1.0E-4
2387	2388;1.0E-4
2393	2394;1.0E-4
2405	2406;4.779937E-5
2411	2412;1.0E-4
242	243;1.0E-4
2426	2427;1.0E-4
2432	2433;1.0E-4
2447	2448;1.0E-4
2453	2454;1.0E-4
2468	2469;1.0E-4
2474	2475;1.0E-4
2480	2481;1.0E-4
2489	2490;1.0E-4
2495	2496;1.0E-4
2507	2508;6.228505E-5
2513	2514;1.0E-4
2528	2529;1.0E-4
2534	2535;1.0E-4
2540	2541;1.0E-4
2549	2550;1.0E-4
2555	2556;1.0E-4
2561	2562;1.0E-4
257	258;1.0E-4
2576	2577;1.0E-4
2582	2583;1.0E-4
2597	2598;1.0E-4
2600	0;1.0E-4
2609	2610;7.275095E-5
2615	2616;1.0E-4
2621	2622;1.0E-4
263	264;1.0E-4
2636	2637;1.0E-4
2642	2643;1.0E-4
2657	2658;1.0E-4
2663	2664;1.0E-4
2678	2679;1.0E-4
2684	2685;1.0E-4
2690	2691;1.0E-4
2699	2700;1.0E-4
2702	2703;1.4999998E-5
2717	2718;1.0E-4
2723	2724;1.0E-4
2738	2739;1.0E-4
2744	2745;1.0E-4
2750	2751;1.0E-4
2759	2760;1.0E-4
2765	2766;1.0E-4
2771	2772;1.0E-4
278	279;1.0E-4
2786	2787;1.0E-4
2792	2793;1.0E-4
2804	2805;3.8587496E-5
2810	2811;7.68383E-5
2819	2820;1.0E-4
2825	2826;1.0E-4
2831	2832;1.0E-4
284	285;1.0E-4
2846	2847;1.0E-4
2852	2853;1.0E-4
2867	2868;1.0E-4
2873	2874;1.0E-4
2888	2889;1.0E-4
2894	2895;1.0E-4
290	291;1.0E-4
2906	2907;5.5629465E-5
2912	2913;1.0E-4
2927	2928;1.0E-4
2933	2934;1.0E-4
2948	2949;1.0E-4
2954	2955;1.0E-4
2960	2961;1.0E-4
2969	2970;1.0E-4
2975	2976;1.0E-4
2981	2982;1.0E-4
299	300;1.0E-4
2996	2997;1.0E-4
3005	3006;4.779937E-5
3011	3012;1.0E-4
302	303;1.4999998E-5
3026	3027;1.0E-4
3032	3033;1.0E-4
3047	3048;1.0E-4
3053	3054;1.0E-4
3068	3069;1.0E-4
3074	3075;1.0E-4
3080	3081;1.0E-4
3089	3090;1.0E-4
3095	3096;1.0E-4
3107	3108;6.228505E-5
3113	3114;1.0E-4
3128	3129;1.0E-4
3134	3135;1.0E-4
3140	3141;1.0E-4
3149	3150;1.0E-4
3155	3156;1.0E-4
3161	3162;1.0E-4
317	318;1.0E-4
3176	3177;1.0E-4
3182	3183;1.0E-4
3197	3198;1.0E-4
3200	0;1.0E-4
3209	3210;7.275095E-5
3215	3216;1.0E-4
3221	3222;1.0E-4
323	324;1.0E-4
3236	3237;1.0E-4
3242	3243;1.0E-4
3257	3258;1.0E-4
3263	3264;1.0E-4
3278	3279;1.0E-4
3284	3285;1.0E-4
3290	3291;1.0E-4
3299	3300;1.0E-4
3302	3303;1.4999998E-5
3317	3318;1.0E-4
3323	3324;1.0E-4
3338	3339;1.0E-4
3344	3345;1.0E-4
3350	3351;1.0E-4
3359	3360;1.0E-4
3365	3366;1.0E-4
3371	3372;1.0E-4
338	339;1.0E-4
3386	3387;1.0E-4
3392	3393;1.0E-4
3404	3405;3.8587496E-5
3410	3411;7.68383E-5
3419	3420;1.0E-4
3425	3426;1.0E-4
3431	3432;1.0E-4
344	345;1.0E-4
3446	3447;1.0E-4
3452	3453;1.0E-4
3467	3468;1.0E-4
3473	3474;1.0E-4
3488	3489;1.0E-4
3494	3495;1.0E-4
350	351;1.0E-4
3506	3507;5.5629465E-5
3512	3513;1.0E-4
3527	3528;1.0E-4
3533	3534;1.0E-4
3548	3549;1.0E-4
3554	3555;1.0E-4
3560	3561;1.0E-4
3569	3570;1.0E-4
3575	3576;1.0E-4
3581	3582;1.0E-4
359	360;1.0E-4
3596	3597;1.0E-4
3608	3609;6.7942296E-5
3614	3615;1.0E-4
3620	3621;1.0E-4
3629	3630;1.0E-4
3635	3636;1.0E-4
3641	3642;1.0E-4
365	366;1.0E-4
3656	3657;1.0E-4
3662	3663;1.0E-4
3677	3678;1.0E-4
3683	3684;1.0E-4
3698	3699;1.0E-4
3701	3702;0.0
371	372;1.0E-4
3716	3717;1.0E-4
3722	3723;1.0E-4
3737	3738;1.0E-4
3743	3744;1.0E-4
3758	3759;1.0E-4
3764	3765;1.0E-4
3770	3771;1.0E-4
3779	3780;1.0E-4
3785	3786;1.0E-4
3791	3792;1.0E-4
38	39;1.0E-4
3803	3804;2.7749997E-5
3818	3819;1.0E-4
3824	3825;1.0E-4
3830	3831;1.0E-4
3839	3840;1.0E-4
3845	3846;1.0E-4
3851	3852;1.0E-4
386	387;1.0E-4
3866	3867;1.0E-4
3872	3873;1.0E-4
3887	3888;1.0E-4
3893	3894;1.0E-4
3905	3906;4.779937E-5
3911	3912;1.0E-4
392	393;1.0E-4
3926	3927;1.0E-4
3932	3933;1.0E-4
3947	3948;1.0E-4
3953	3954;1.0E-4
3968	3969;1.0E-4
3974	3975;1.0E-4
3980	3981;1.0E-4
3989	3990;1.0E-4
3995	3996;1.0E-4
4004	4005;3.8587496E-5
4010	4011;7.68383E-5
4019	4020;1.0E-4
4025	4026;1.0E-4
4031	4032;1.0E-4
404	405;3.8587496E-5
4046	4047;1.0E-4
4052	4053;1.0E-4
4067	4068;1.0E-4
4073	4074;1.0E-4
4088	4089;1.0E-4
4094	4095;1.0E-4
410	411;7.68383E-5
4106	4107;5.5629465E-5
4112	4113;1.0E-4
4127	4128;1.0E-4
4133	4134;1.0E-4
4148	4149;1.0E-4
4154	4155;1.0E-4
4160	4161;1.0E-4
4169	4170;1.0E-4
4175	4176;1.0E-4
4181	4182;1.0E-4
419	420;1.0E-4
4196	4197;1.0E-4
4208	4209;6.7942296E-5
4214	4215;1.0E-4
4220	4221;1.0E-4
4229	4230;1.0E-4
4235	4236;1.0E-4
4241	4242;1.0E-4
425	426;1.0E-4
4256	4257;1.0E-4
4262	4263;1.0E-4
4277	4278;1.0E-4
4283	4284;1.0E-4
4298	4299;1.0E-4
4301	4302;0.0
431	432;1.0E-4
4316	4317;1.0E-4
4322	4323;1.0E-4
4337	4338;1.0E-4
4343	4344;1.0E-4
4358	4359;1.0E-4
4364	4365;1.0E-4
4370	4371;1.0E-4
4379	4380;1.0E-4
4385	4386;1.0E-4
4391	4392;1.0E-4
44	45;1.0E-4
4403	4404;2.7749997E-5
4418	4419;1.0E-4
4424	4425;1.0E-4
4430	4431;1.0E-4
4439	4440;1.0E-4
4445	4446;1.0E-4
4451	4452;1.0E-4
446	447;1.0E-4
4466	4467;1.0E-4
4472	4473;1.0E-4
4487	4488;1.0E-4
4493	4494;1.0E-4
4505	4506;4.779937E-5
4511	4512;1.0E-4
452	453;1.0E-4
4526	4527;1.0E-4
4532	4533;1.0E-4
4547	4548;1.0E-4
4553	4554;1.0E-4
4568	4569;1.0E-4
4574	4575;1.0E-4
4580	4581;1.0E-4
4589	4590;1.0E-4
4595	4596;1.0E-4
4607	4608;6.228505E-5
4613	4614;1.0E-4
4628	4629;1.0E-4
4634	4635;1.0E-4
4640	4641;1.0E-4
4649	4650;1.0E-4
4655	4656;1.0E-4
4661	4662;1.0E-4
467	468;1.0E-4
4676	4677;1.0E-4
4682	4683;1.0E-4
4697	4698;1.0E-4
4700	0;1.0E-4
4709	4710;7.275095E-5
4715	4716;1.0E-4
4721	4722;1.0E-4
473	474;1.0E-4
4736	4737;1.0E-4
4742	4743;1.0E-4
4757	4758;1.0E-4
4763	4764;1.0E-4
4778	4779;1.0E-4
4784	4785;1.0E-4
4790	4791;1.0E-4
4799	4800;1.0E-4
4802	4803;1.4999998E-5
4817	4818;1.0E-4
4823	4824;1.0E-4
4838	4839;1.0E-4
4844	4845;1.0E-4
4850	4851;1.0E-4
4859	4860;1.0E-4
4865	4866;1.0E-4
4871	4872;1.0E-4
488	489;1.0E-4
4886	4887;1.0E-4
4892	4893;1.0E-4
4904	4905;3.8587496E-5
4910	4911;7.68383E-5
4919	4920;1.0E-4
4925	4926;1.0E-4
4931	4932;1.0E-4
494	495;1.0E-4
4946	4947;1.0E-4
4952	4953;1.0E-4
4967	4968;1.0E-4
4973	4974;1.0E-4
4988	4989;1.0E-4
4994	4995;1.0E-4
50	51;1.0E-4
5003	5004;2.7749997E-5
5018	5019;1.0E-4
5024	5025;1.0E-4
5030	5031;1.0E-4
5039	5040;1.0E-4
5045	5046;1.0E-4
5051	5052;1.0E-4
506	507;5.5629465E-5
5066	5067;1.0E-4
5072	5073;1.0E-4
5087	5088;1.0E-4
5093	5094;1.0E-4
5105	5106;4.779937E-5
5111	5112;1.0E-4
512	513;1.0E-4
5126	5127;1.0E-4
5132	5133;1.0E-4
5147	5148;1.0E-4
5153	5154;1.0E-4
5168	5169;1.0E-4
5174	5175;1.0E-4
5180	5181;1.0E-4
5189	5190;1.0E-4
5195	5196;1.0E-4
5207	5208;6.228505E-5
5213	5214;1.0E-4
5228	5229;1.0E-4
5234	5235;1.0E-4
5240	5241;1.0E-4
5249	5250;1.0E-4
5255	5256;1.0E-4
5261	5262;1.0E-4
527	528;1.0E-4
5276	5277;1.0E-4
5282	5283;1.0E-4
5297	5298;1.0E-4
5300	0;1.0E-4
5309	5310;7.275095E-5
5315	5316;1.0E-4
5321	5322;1.0E-4
533	534;1.0E-4
5336	5337;1.0E-4
5342	5343;1.0E-4
5357	5358;1.0E-4
5363	5364;1.0E-4
5378	5379;1.0E-4
5384	5385;1.0E-4
5390	5391;1.0E-4
5399	5400;1.0E-4
5402	5403;1.4999998E-5
5417	5418;1.0E-4
5423	5424;1.0E-4
5438	5439;1.0E-4
5444	5445;1.0E-4
5450	5451;1.0E-4
5459	5460;1.0E-4
5465	5466;1.0E-4
5471	5472;1.0E-4
548	549;1.0E-4
5486	5487;1.0E-4
5492	5493;1.0E-4
5504	5505;3.8587496E-5
5510	5511;7.68383E-5
5519	5520;1.0E-4
5525	5526;1.0E-4
5531	5532;1.0E-4
554	555;1.0E-4
5546	5547;1.0E-4
5552	5553;1.0E-4
5567	5568;1.0E-4
5573	5574;1.0E-4
5588	5589;1.0E-4
5594	5595;1.0E-4
560	561;1.0E-4
5606	5607;5.5629465E-5
5612	5613;1.0E-4
5627	5628;1.0E-4
5633	5634;1.0E-4
5648	5649;1.0E-4
5654	5655;1.0E-4
5660	5661;1.0E-4
5669	5670;1.0E-4
5675	5676;1.0E-4
5681	5682;1.0E-4
569	570;1.0E-4
5696	5697;1.0E-4
5708	5709;6.7942296E-5
5714	5715;1.0E-4
5720	5721;1.0E-4
5729	5730;1.0E-4
5735	5736;1.0E-4
5741	5742;1.0E-4
575	576;1.0E-4
5756	5757;1.0E-4
5762	5763;1.0E-4
5777	5778;1.0E-4
5783	5784;1.0E-4
5798	5799;1.0E-4
5801	5802;0.0
581	582;1.0E-4
5816	5817;1.0E-4
5822	5823;1.0E-4
5837	5838;1.0E-4
5843	5844;1.0E-4
5858	5859;1.0E-4
5864	5865;1.0E-4
5870	5871;1.0E-4
5879	5880;1.0E-4
5885	5886;1.0E-4
5891	5892;1.0E-4
59	60;1.0E-4
5903	5904;2.7749997E-5
5918	5919;1.0E-4
5924	5925;1.0E-4
5930	5931;1.0E-4
5939	5940;1.0E-4
5945	5946;1.0E-4
5951	5952;1.0E-4
596	597;1.0E-4
5966	5967;1.0E-4
5972	5973;1.0E-4
5987	5988;1.0E-4
5993	5994;1.0E-4
6002	6003;1.4999998E-5
6017	6018;1.0E-4
6023	6024;1.0E-4
6038	6039;1.0E-4
6044	6045;1.0E-4
6050	6051;1.0E-4
6059	6060;1.0E-4
6065	6066;1.0E-4
6071	6072;1.0E-4
608	609;6.7942296E-5
6086	6087;1.0E-4
6092	6093;1.0E-4
6104	6105;3.8587496E-5
6110	6111;7.68383E-5
6119	6120;1.0E-4
6125	6126;1.0E-4
6131	6132;1.0E-4
614	615;1.0E-4
6146	6147;1.0E-4
6152	6153;1.0E-4
6167	6168;1.0E-4
6173	6174;1.0E-4
6188	6189;1.0E-4
6194	6195;1.0E-4
620	621;1.0E-4
6206	6207;5.5629465E-5
6212	6213;1.0E-4
6227	6228;1.0E-4
6233	6234;1.0E-4
6248	6249;1.0E-4
6254	6255;1.0E-4
6260	6261;1.0E-4
6269	6270;1.0E-4
6275	6276;1.0E-4
6281	6282;1.0E-4
629	630;1.0E-4
6296	6297;1.0E-4
6308	6309;6.7942296E-5
6314	6315;1.0E-4
6320	6321;1.0E-4
6329	6330;1.0E-4
6335	6336;1.0E-4
6341	6342;1.0E-4
635	636;1.0E-4
6356	6357;1.0E-4
6362	6363;1.0E-4
6377	6378;1.0E-4
6383	6384;1.0E-4
6398	6399;1.0E-4
6401	6402;0.0
641	642;1.0E-4
6416	6417;1.0E-4
6422	6423;1.0E-4
6437	6438;1.0E-4
6443	6444;1.0E-4
6458	6459;1.0E-4
6464	6465;1.0E-4
6470	6471;1.0E-4
6479	6480;1.0E-4
6485	6486;1.0E-4
6491	6492;1.0E-4
65	66;1.0E-4
6503	6504;2.7749997E-5
6518	6519;1.0E-4
6524	6525;1.0E-4
6530	6531;1.0E-4
6539	6540;1.0E-4
6545	6546;1.0E-4
6551	6552;1.0E-4
656	657;1.0E-4
6566	6567;1.0E-4
6572	6573;1.0E-4
6587	6588;1.0E-4
6593	6594;1.0E-4
6605	6606;4.779937E-5
6611	6612;1.0E-4
662	663;1.0E-4
6626	6627;1.0E-4
6632	6633;1.0E-4
6647	6648;1.0E-4
6653	6654;1.0E-4
6668	6669;1.0E-4
6674	6675;1.0E-4
6680	6681;1.0E-4
6689	6690;1.0E-4
6695	6696;1.0E-4
6707	6708;6.228505E-5
6713	6714;1.0E-4
6728	6729;1.0E-4
6734	6735;1.0E-4
6740	6741;1.0E-4
6749	6750;1.0E-4
6755	6756;1.0E-4
6761	6762;1.0E-4
677	678;1.0E-4
6776	6777;1.0E-4
6782	6783;1.0E-4
6797	6798;1.0E-4
6800	0;1.0E-4
6809	6810;7.275095E-5
6815	6816;1.0E-4
6821	6822;1.0E-4
683	684;1.0E-4
6836	6837;1.0E-4
6842	6843;1.0E-4
6857	6858;1.0E-4
6863	6864;1.0E-4
6878	6879;1.0E-4
6884	6885;1.0E-4
6890	6891;1.0E-4
6899	6900;1.0E-4
6902	6903;1.4999998E-5
6917	6918;1.0E-4
6923	6924;1.0E-4
6938	6939;1.0E-4
6944	6945;1.0E-4
6950	6951;1.0E-4
6959	6960;1.0E-4
6965	6966;1.0E-4
6971	6972;1.0E-4
698	699;1.0E-4
6986	6987;1.0E-4
6992	6993;1.0E-4
7001	7002;0.0
701	702;0.0
7016	7017;1.0E-4
7022	7023;1.0E-4
7037	7038;1.0E-4
7043	7044;1.0E-4
7058	7059;1.0E-4
7064	7065;1.0E-4
7070	7071;1.0E-4
7079	7080;1.0E-4
7085	7086;1.0E-4
7091	7092;1.0E-4
71	72;1.0E-4
7103	7104;2.7749997E-5
7118	7119;1.0E-4
7124	7125;1.0E-4
7130	7131;1.0E-4
7139	7140;1.0E-4
7145	7146;1.0E-4
7151	7152;1.0E-4
716	717;1.0E-4
7166	7167;1.0E-4
7172	7173;1.0E-4
7187	7188;1.0E-4
7193	7194;1.0E-4
7205	7206;4.779937E-5
7211	7212;1.0E-4
722	723;1.0E-4
7226	7227;1.0E-4
7232	7233;1.0E-4
7247	7248;1.0E-4
7253	7254;1.0E-4
7268	7269;1.0E-4
7274	7275;1.0E-4
7280	7281;1.0E-4
7289	7290;1.0E-4
7295	7296;1.0E-4
7307	7308;6.228505E-5
7313	7314;1.0E-4
7328	7329;1.0E-4
7334	7335;1.0E-4
7340	7341;1.0E-4
7349	7350;1.0E-4
7355	7356;1.0E-4
7361	7362;1.0E-4
737	738;1.0E-4
7376	7377;1.0E-4
7382	7383;1.0E-4
7397	7398;1.0E-4
7400	0;1.0E-4
7409	7410;7.275095E-5
7415	7416;1.0E-4
7421	7422;1.0E-4
743	744;1.0E-4
7436	7437;1.0E-4
7442	7443;1.0E-4
7457	7458;1.0E-4
7463	7464;1.0E-4
7478	7479;1.0E-4
7484	7485;1.0E-4
7490	7491;1.0E-4
7499	7500;1.0E-4
7502	7503;1.4999998E-5
7517	7518;1.0E-4
7523	7524;1.0E-4
7538	7539;1.0E-4
7544	7545;1.0E-4
7550	7551;1.0E-4
7559	7560;1.0E-4
7565	7566;1.0E-4
7571	7572;1.0E-4
758	759;1.0E-4
7586	7587;1.0E-4
7592	7593;1.0E-4
7604	7605;3.8587496E-5
7610	7611;7.68383E-5
7619	7620;1.0E-4
7625	7626;1.0E-4
7631	7632;1.0E-4
764	765;1.0E-4
7646	7647;1.0E-4
7652	7653;1.0E-4
7667	7668;1.0E-4
7673	7674;1.0E-4
7688	7689;1.0E-4
7694	7695;1.0E-4
770	771;1.0E-4
7706	7707;5.5629465E-5
7712	7713;1.0E-4
7727	7728;1.0E-4
7733	7734;1.0E-4
7748	7749;1.0E-4
7754	7755;1.0E-4
7760	7761;1.0E-4
7769	7770;1.0E-4
7775	7776;1.0E-4
7781	7782;1.0E-4
779	780;1.0E-4
7796	7797;1.0E-4
7808	7809;6.7942296E-5
7814	7815;1.0E-4
7820	7821;1.0E-4
7829	7830;1.0E-4
7835	7836;1.0E-4
7841	7842;1.0E-4
785	786;1.0E-4
7856	7857;1.0E-4
7862	7863;1.0E-4
7877	7878;1.0E-4
7883	7884;1.0E-4
7898	7899;1.0E-4
7901	7902;0.0
791	792;1.0E-4
7916	7917;1.0E-4
7922	7923;1.0E-4
7937	7938;1.0E-4
7943	7944;1.0E-4
7958	7959;1.0E-4
7964	7965;1.0E-4
7970	7971;1.0E-4
7979	7980;1.0E-4
7985	7986;1.0E-4
7991	7992;1.0E-4
8	9;6.7942296E-5
8000	0;1.0E-4
8009	8010;7.275095E-5
8015	8016;1.0E-4
8021	8022;1.0E-4
803	804;2.7749997E-5
8036	8037;1.0E-4
8042	8043;1.0E-4
8057	8058;1.0E-4
8063	8064;1.0E-4
8078	8079;1.0E-4
8084	8085;1.0E-4
8090	8091;1.0E-4
8099	8100;1.0E-4
8102	8103;1.4999998E-5
8117	8118;1.0E-4
8123	8124;1.0E-4
8138	8139;1.0E-4
8144	8145;1.0E-4
8150	8151;1.0E-4
8159	8160;1.0E-4
8165	8166;1.0E-4
8171	8172;1.0E-4
818	819;1.0E-4
8186	8187;1.0E-4
8192	8193;1.0E-4
8204	8205;3.8587496E-5
8210	8211;7.68383E-5
8219	8220;1.0E-4
8225	8226;1.0E-4
8231	8232;1.0E-4
824	825;1.0E-4
8246	8247;1.0E-4
8252	8253;1.0E-4
8267	8268;1.0E-4
8273	8274;1.0E-4
8288	8289;1.0E-4
8294	8295;1.0E-4
830	831;1.0E-4
8306	8307;5.5629465E-5
8312	8313;1.0E-4
8327	8328;1.0E-4
8333	8334;1.0E-4
8348	8349;1.0E-4
8354	8355;1.0E-4
8360	8361;1.0E-4
8369	8370;1.0E-4
8375	8376;1.0E-4
8381	8382;1.0E-4
839	840;1.0E-4
8396	8397;1.0E-4
8408	8409;6.7942296E-5
8414	8415;1.0E-4
8420	8421;1.0E-4
8429	8430;1.0E-4
8435	8436;1.0E-4
8441	8442;1.0E-4
845	846;1.0E-4
8456	8457;1.0E-4
8462	8463;1.0E-4
8477	8478;1.0E-4
8483	8484;1.0E-4
8498	8499;1.0E-4
8501	8502;0.0
851	852;1.0E-4
8516	8517;1.0E-4
8522	8523;1.0E-4
8537	8538;1.0E-4
8543	8544;1.0E-4
8558	8559;1.0E-4
8564	8565;1.0E-4
8570	8571;1.0E-4
8579	8580;1.0E-4
8585	8586;1.0E-4
8591	8592;1.0E-4
86	87;1.0E-4
8603	8604;2.7749997E-5
8618	8619;1.0E-4
8624	8625;1.0E-4
8630	8631;1.0E-4
8639	8640;1.0E-4
8645	8646;1.0E-4
8651	8652;1.0E-4
866	867;1.0E-4
8666	8667;1.0E-4
8672	8673;1.0E-4
8687	8688;1.0E-4
8693	8694;1.0E-4
8705	8706;4.779937E-5
8711	8712;1.0E-4
872	873;1.0E-4
8726	8727;1.0E-4
8732	8733;1.0E-4
8747	8748;1.0E-4
8753	8754;1.0E-4
8768	8769;1.0E-4
8774	8775;1.0E-4
8780	8781;1.0E-4
8789	8790;1.0E-4
8795	8796;1.0E-4
8807	8808;6.228505E-5
8813	8814;1.0E-4
8828	8829;1.0E-4
8834	8835;1.0E-4
8840	8841;1.0E-4
8849	8850;1.0E-4
8855	8856;1.0E-4
8861	8862;1.0E-4
887	888;1.0E-4
8876	8877;1.0E-4
8882	8883;1.0E-4
8897	8898;1.0E-4
8900	0;1.0E-4
8909	8910;7.275095E-5
8915	8916;1.0E-4
8921	8922;1.0E-4
893	894;1.0E-4
8936	8937;1.0E-4
8942	8943;1.0E-4
8957	8958;1.0E-4
8963	8964;1.0E-4
8978	8979;1.0E-4
8984	8985;1.0E-4
8990	8991;1.0E-4
8999	9000;1.0E-4
9008	9009;6.7942296E-5
9014	9015;1.0E-4
9020	9021;1.0E-4
9029	9030;1.0E-4
9035	9036;1.0E-4
9041	9042;1.0E-4
905	906;4.779937E-5
9056	9057;1.0E-4
9062	9063;1.0E-4
9077	9078;1.0E-4
9083	9084;1.0E-4
9098	9099;1.0E-4
9101	9102;0.0
911	912;1.0E-4
9116	9117;1.0E-4
9122	9123;1.0E-4
9137	9138;1.0E-4
9143	9144;1.0E-4
9158	9159;1.0E-4
9164	9165;1.0E-4
9170	9171;1.0E-4
9179	9180;1.0E-4
9185	9186;1.0E-4
9191	9192;1.0E-4
92	93;1.0E-4
9203	9204;2.7749997E-5
9218	9219;1.0E-4
9224	9225;1.0E-4
9230	9231;1.0E-4
9239	9240;1.0E-4
9245	9246;1.0E-4
9251	9252;1.0E-4
926	927;1.0E-4
9266	9267;1.0E-4
9272	9273;1.0E-4
9287	9288;1.0E-4
9293	9294;1.0E-4
9305	9306;4.779937E-5
9311	9312;1.0E-4
932	933;1.0E-4
9326	9327;1.0E-4
9332	9333;1.0E-4
9347	9348;1.0E-4
9353	9354;1.0E-4
9368	9369;1.0E-4
9374	9375;1.0E-4
9380	9381;1.0E-4
9389	9390;1.0E-4
9395	9396;1.0E-4
9407	9408;6.228505E-5
9413	9414;1.0E-4
9428	9429;1.0E-4
9434	9435;1.0E-4
9440	9441;1.0E-4
9449	9450;1.0E-4
9455	9456;1.0E-4
9461	9462;1.0E-4
947	948;1.0E-4
9476	9477;1.0E-4
9482	9483;1.0E-4
9497	9498;1.0E-4
9500	0;1.0E-4
9509	9510;7.275095E-5
9515	9516;1.0E-4
9521	9522;1.0E-4
953	954;1.0E-4
9536	9537;1.0E-4
9542	9543;1.0E-4
9557	9558;1.0E-4
9563	9564;1.0E-4
9578	9579;1.0E-4
9584	9585;1.0E-4
9590	9591;1.0E-4
9599	9600;1.0E-4
9602	9603;1.4999998E-5
9617	9618;1.0E-4
9623	9624;1.0E-4
9638	9639;1.0E-4
9644	9645;1.0E-4
9650	9651;1.0E-4
9659	9660;1.0E-4
9665	9666;1.0E-4
9671	9672;1.0E-4
968	969;1.0E-4
9686	9687;1.0E-4
9692	9693;1.0E-4
9704	9705;3.8587496E-5
9710	9711;7.68383E-5
9719	9720;1.0E-4
9725	9726;1.0E-4
9731	9732;1.0E-4
974	975;1.0E-4
9746	9747;1.0E-4
9752	9753;1.0E-4
9767	9768;1.0E-4
9773	9774;1.0E-4
9788	9789;1.0E-4
9794	9795;1.0E-4
980	981;1.0E-4
9806	9807;5.5629465E-5
9812	9813;1.0E-4
9827	9828;1.0E-4
9833	9834;1.0E-4
9848	9849;1.0E-4
9854	9855;1.0E-4
9860	9861;1.0E-4
9869	9870;1.0E-4
9875	9876;1.0E-4
9881	9882;1.0E-4
989	990;1.0E-4
9896	9897;1.0E-4
9908	9909;6.7942296E-5
9914	9915;1.0E-4
9920	9921;1.0E-4
9929	9930;1.0E-4
9935	9936;1.0E-4
9941	9942;1.0E-4
995	996;1.0E-4
9956	9957;1.0E-4
9962	9963;1.0E-4
9977	9978;1.0E-4
9983	9984;1.0E-4
9998	9999;1.0E-4
