1006	1007;5.5629465E-5
1012	1013;1.0E-4
1027	1028;1.0E-4
1033	1034;1.0E-4
1048	1049;1.0E-4
1054	1055;1.0E-4
106	107;5.5629465E-5
1060	1061;1.0E-4
1069	1070;1.0E-4
1075	1076;1.0E-4
1081	1082;1.0E-4
1096	1097;1.0E-4
1108	1109;6.7942296E-5
1114	1115;1.0E-4
112	113;1.0E-4
1120	1121;1.0E-4
1129	1130;1.0E-4
1135	1136;1.0E-4
1141	1142;1.0E-4
1156	1157;1.0E-4
1162	1163;1.0E-4
1177	1178;1.0E-4
1183	1184;1.0E-4
1198	1199;1.0E-4
1201	1202;0.0
1216	1217;1.0E-4
1222	1223;1.0E-4
1237	1238;1.0E-4
1243	1244;1.0E-4
1258	1259;1.0E-4
1264	1265;1.0E-4
127	128;1.0E-4
1270	1271;1.0E-4
1279	1280;1.0E-4
1285	1286;1.0E-4
1291	1292;1.0E-4
1303	1304;2.7749997E-5
1318	1319;1.0E-4
1324	1325;1.0E-4
133	134;1.0E-4
1330	1331;1.0E-4
1339	1340;1.0E-4
1345	1346;1.0E-4
1351	1352;1.0E-4
1366	1367;1.0E-4
1372	1373;1.0E-4
1387	1388;1.0E-4
1393	1394;1.0E-4
1405	1406;4.779937E-5
1411	1412;1.0E-4
1426	1427;1.0E-4
1432	1433;1.0E-4
1447	1448;1.0E-4
1453	1454;1.0E-4
1468	1469;1.0E-4
1474	1475;1.0E-4
148	149;1.0E-4
1480	1481;1.0E-4
1489	1490;1.0E-4
1495	1496;1.0E-4
1507	1508;6.228505E-5
1513	1514;1.0E-4
1528	1529;1.0E-4
1534	1535;1.0E-4
154	155;1.0E-4
1540	1541;1.0E-4
1549	1550;1.0E-4
1555	1556;1.0E-4
1561	1562;1.0E-4
1576	1577;1.0E-4
1582	1583;1.0E-4
1597	1598;1.0E-4
16	17;1.0E-4
160	161;1.0E-4
1600	0;1.0E-4
1609	1610;7.275095E-5
1615	1616;1.0E-4
1621	1622;1.0E-4
1636	1637;1.0E-4
1642	1643;1.0E-4
1657	1658;1.0E-4
1663	1664;1.0E-4
1678	1679;1.0E-4
1684	1685;1.0E-4
169	170;1.0E-4
1690	1691;1.0E-4
1699	1700;1.0E-4
1702	1703;1.4999998E-5
1717	1718;1.0E-4
1723	1724;1.0E-4
1738	1739;1.0E-4
1744	1745;1.0E-4
175	176;1.0E-4
1750	1751;1.0E-4
1759	1760;1.0E-4
1765	1766;1.0E-4
1771	1772;1.0E-4
1786	1787;1.0E-4
1792	1793;1.0E-4
1804	1805;3.8587496E-5
181	182;1.0E-4
1810	1811;7.68383E-5
1819	1820;1.0E-4
1825	1826;1.0E-4
1831	1832;1.0E-4
1846	1847;1.0E-4
1852	1853;1.0E-4
1867	1868;1.0E-4
1873	1874;1.0E-4
1888	1889;1.0E-4
1894	1895;1.0E-4
1906	1907;5.5629465E-5
1912	1913;1.0E-4
1927	1928;1.0E-4
1933	1934;1.0E-4
1948	1949;1.0E-4
1954	1955;1.0E-4
196	197;1.0E-4
1960	1961;1.0E-4
1969	1970;1.0E-4
1975	1976;1.0E-4
1981	1982;1.0E-4
1996	1997;1.0E-4
2005	2006;4.779937E-5
2011	2012;1.0E-4
2026	2027;1.0E-4
2032	2033;1.0E-4
2047	2048;1.0E-4
2053	2054;1.0E-4
2068	2069;1.0E-4
2074	2075;1.0E-4
208	209;6.7942296E-5
2080	2081;1.0E-4
2089	2090;1.0E-4
2095	2096;1.0E-4
2107	2108;6.228505E-5
2113	2114;1.0E-4
2128	2129;1.0E-4
2134	2135;1.0E-4
214	215;1.0E-4
2140	2141;1.0E-4
2149	2150;1.0E-4
2155	2156;1.0E-4
2161	2162;1.0E-4
2176	2177;1.0E-4
2182	2183;1.0E-4
2197	2198;1.0E-4
22	23;1.0E-4
220	221;1.0E-4
2200	0;1.0E-4
2209	2210;7.275095E-5
2215	2216;1.0E-4
2221	2222;1.0E-4
2236	2237;1.0E-4
2242	2243;1.0E-4
2257	2258;1.0E-4
2263	2264;1.0E-4
2278	2279;1.0E-4
2284	2285;1.0E-4
229	230;1.0E-4
2290	2291;1.0E-4
2299	2300;1.0E-4
2302	2303;1.4999998E-5
2317	2318;1.0E-4
2323	2324;1.0E-4
2338	2339;1.0E-4
2344	2345;1.0E-4
235	236;1.0E-4
2350	2351;1.0E-4
2359	2360;1.0E-4
2365	2366;1.0E-4
2371	2372;1.0E-4
2386	2387;1.0E-4
2392	2393;1.0E-4
2404	2405;3.8587496E-5
241	242;1.0E-4
2410	2411;7.68383E-5
2419	2420;1.0E-4
2425	2426;1.0E-4
2431	2432;1.0E-4
2446	2447;1.0E-4
2452	2453;1.0E-4
2467	2468;1.0E-4
2473	2474;1.0E-4
2488	2489;1.0E-4
2494	2495;1.0E-4
2506	2507;5.5629465E-5
2512	2513;1.0E-4
2527	2528;1.0E-4
2533	2534;1.0E-4
2548	2549;1.0E-4
2554	2555;1.0E-4
256	257;1.0E-4
2560	2561;1.0E-4
2569	2570;1.0E-4
2575	2576;1.0E-4
2581	2582;1.0E-4
2596	2597;1.0E-4
2608	2609;6.7942296E-5
2614	2615;1.0E-4
262	263;1.0E-4
2620	2621;1.0E-4
2629	2630;1.0E-4
2635	2636;1.0E-4
2641	2642;1.0E-4
2656	2657;1.0E-4
2662	2663;1.0E-4
2677	2678;1.0E-4
2683	2684;1.0E-4
2698	2699;1.0E-4
2701	2702;0.0
2716	2717;1.0E-4
2722	2723;1.0E-4
2737	2738;1.0E-4
2743	2744;1.0E-4
2758	2759;1.0E-4
2764	2765;1.0E-4
277	278;1.0E-4
2770	2771;1.0E-4
2779	2780;1.0E-4
2785	2786;1.0E-4
2791	2792;1.0E-4
2803	2804;2.7749997E-5
2818	2819;1.0E-4
2824	2825;1.0E-4
283	284;1.0E-4
2830	2831;1.0E-4
2839	2840;1.0E-4
2845	2846;1.0E-4
2851	2852;1.0E-4
2866	2867;1.0E-4
2872	2873;1.0E-4
2887	2888;1.0E-4
2893	2894;1.0E-4
2905	2906;4.779937E-5
2911	2912;1.0E-4
2926	2927;1.0E-4
2932	2933;1.0E-4
2947	2948;1.0E-4
2953	2954;1.0E-4
2968	2969;1.0E-4
2974	2975;1.0E-4
298	299;1.0E-4
2980	2981;1.0E-4
2989	2990;1.0E-4
2995	2996;1.0E-4
3004	3005;3.8587496E-5
301	302;0.0
3010	3011;7.68383E-5
3019	3020;1.0E-4
3025	3026;1.0E-4
3031	3032;1.0E-4
3046	3047;1.0E-4
3052	3053;1.0E-4
3067	3068;1.0E-4
3073	3074;1.0E-4
3088	3089;1.0E-4
3094	3095;1.0E-4
3106	3107;5.5629465E-5
3112	3113;1.0E-4
3127	3128;1.0E-4
3133	3134;1.0E-4
3148	3149;1.0E-4
3154	3155;1.0E-4
316	317;1.0E-4
3160	3161;1.0E-4
3169	3170;1.0E-4
3175	3176;1.0E-4
3181	3182;1.0E-4
3196	3197;1.0E-4
3208	3209;6.7942296E-5
3214	3215;1.0E-4
322	323;1.0E-4
3220	3221;1.0E-4
3229	3230;1.0E-4
3235	3236;1.0E-4
3241	3242;1.0E-4
3256	3257;1.0E-4
3262	3263;1.0E-4
3277	3278;1.0E-4
3283	3284;1.0E-4
3298	3299;1.0E-4
3301	3302;0.0
3316	3317;1.0E-4
3322	3323;1.0E-4
3337	3338;1.0E-4
3343	3344;1.0E-4
3358	3359;1.0E-4
3364	3365;1.0E-4
337	338;1.0E-4
3370	3371;1.0E-4
3379	3380;1.0E-4
3385	3386;1.0E-4
3391	3392;1.0E-4
3403	3404;2.7749997E-5
3418	3419;1.0E-4
3424	3425;1.0E-4
343	344;1.0E-4
3430	3431;1.0E-4
3439	3440;1.0E-4
3445	3446;1.0E-4
3451	3452;1.0E-4
3466	3467;1.0E-4
3472	3473;1.0E-4
3487	3488;1.0E-4
3493	3494;1.0E-4
3505	3506;4.779937E-5
3511	3512;1.0E-4
3526	3527;1.0E-4
3532	3533;1.0E-4
3547	3548;1.0E-4
3553	3554;1.0E-4
3568	3569;1.0E-4
3574	3575;1.0E-4
358	359;1.0E-4
3580	3581;1.0E-4
3589	3590;1.0E-4
3595	3596;1.0E-4
3607	3608;6.228505E-5
3613	3614;1.0E-4
3628	3629;1.0E-4
3634	3635;1.0E-4
364	365;1.0E-4
3640	3641;1.0E-4
3649	3650;1.0E-4
3655	3656;1.0E-4
3661	3662;1.0E-4
3676	3677;1.0E-4
3682	3683;1.0E-4
3697	3698;1.0E-4
37	38;1.0E-4
370	371;1.0E-4
3700	0;1.0E-4
3709	3710;7.275095E-5
3715	3716;1.0E-4
3721	3722;1.0E-4
3736	3737;1.0E-4
3742	3743;1.0E-4
3757	3758;1.0E-4
3763	3764;1.0E-4
3778	3779;1.0E-4
3784	3785;1.0E-4
379	380;1.0E-4
3790	3791;1.0E-4
3799	3800;1.0E-4
3802	3803;1.4999998E-5
3817	3818;1.0E-4
3823	3824;1.0E-4
3838	3839;1.0E-4
3844	3845;1.0E-4
385	386;1.0E-4
3850	3851;1.0E-4
3859	3860;1.0E-4
3865	3866;1.0E-4
3871	3872;1.0E-4
3886	3887;1.0E-4
3892	3893;1.0E-4
3904	3905;3.8587496E-5
391	392;1.0E-4
3910	3911;7.68383E-5
3919	3920;1.0E-4
3925	3926;1.0E-4
3931	3932;1.0E-4
3946	3947;1.0E-4
3952	3953;1.0E-4
3967	3968;1.0E-4
3973	3974;1.0E-4
3988	3989;1.0E-4
3994	3995;1.0E-4
4003	4004;2.7749997E-5
4018	4019;1.0E-4
4024	4025;1.0E-4
403	404;2.7749997E-5
4030	4031;1.0E-4
4039	4040;1.0E-4
4045	4046;1.0E-4
4051	4052;1.0E-4
4066	4067;1.0E-4
4072	4073;1.0E-4
4087	4088;1.0E-4
4093	4094;1.0E-4
4105	4106;4.779937E-5
4111	4112;1.0E-4
4126	4127;1.0E-4
4132	4133;1.0E-4
4147	4148;1.0E-4
4153	4154;1.0E-4
4168	4169;1.0E-4
4174	4175;1.0E-4
418	419;1.0E-4
4180	4181;1.0E-4
4189	4190;1.0E-4
4195	4196;1.0E-4
4207	4208;6.228505E-5
4213	4214;1.0E-4
4228	4229;1.0E-4
4234	4235;1.0E-4
424	425;1.0E-4
4240	4241;1.0E-4
4249	4250;1.0E-4
4255	4256;1.0E-4
4261	4262;1.0E-4
4276	4277;1.0E-4
4282	4283;1.0E-4
4297	4298;1.0E-4
43	44;1.0E-4
430	431;1.0E-4
4300	0;1.0E-4
4309	4310;7.275095E-5
4315	4316;1.0E-4
4321	4322;1.0E-4
4336	4337;1.0E-4
4342	4343;1.0E-4
4357	4358;1.0E-4
4363	4364;1.0E-4
4378	4379;1.0E-4
4384	4385;1.0E-4
439	440;1.0E-4
4390	4391;1.0E-4
4399	4400;1.0E-4
4402	4403;1.4999998E-5
4417	4418;1.0E-4
4423	4424;1.0E-4
4438	4439;1.0E-4
4444	4445;1.0E-4
445	446;1.0E-4
4450	4451;1.0E-4
4459	4460;1.0E-4
4465	4466;1.0E-4
4471	4472;1.0E-4
4486	4487;1.0E-4
4492	4493;1.0E-4
4504	4505;3.8587496E-5
451	452;1.0E-4
4510	4511;7.68383E-5
4519	4520;1.0E-4
4525	4526;1.0E-4
4531	4532;1.0E-4
4546	4547;1.0E-4
4552	4553;1.0E-4
4567	4568;1.0E-4
4573	4574;1.0E-4
4588	4589;1.0E-4
4594	4595;1.0E-4
4606	4607;5.5629465E-5
4612	4613;1.0E-4
4627	4628;1.0E-4
4633	4634;1.0E-4
4648	4649;1.0E-4
4654	4655;1.0E-4
466	467;1.0E-4
4660	4661;1.0E-4
4669	4670;1.0E-4
4675	4676;1.0E-4
4681	4682;1.0E-4
4696	4697;1.0E-4
4708	4709;6.7942296E-5
4714	4715;1.0E-4
472	473;1.0E-4
4720	4721;1.0E-4
4729	4730;1.0E-4
4735	4736;1.0E-4
4741	4742;1.0E-4
4756	4757;1.0E-4
4762	4763;1.0E-4
4777	4778;1.0E-4
4783	4784;1.0E-4
4798	4799;1.0E-4
4801	4802;0.0
4816	4817;1.0E-4
4822	4823;1.0E-4
4837	4838;1.0E-4
4843	4844;1.0E-4
4858	4859;1.0E-4
4864	4865;1.0E-4
487	488;1.0E-4
4870	4871;1.0E-4
4879	4880;1.0E-4
4885	4886;1.0E-4
4891	4892;1.0E-4
4903	4904;2.7749997E-5
4918	4919;1.0E-4
4924	4925;1.0E-4
493	494;1.0E-4
4930	4931;1.0E-4
4939	4940;1.0E-4
4945	4946;1.0E-4
4951	4952;1.0E-4
4966	4967;1.0E-4
4972	4973;1.0E-4
4987	4988;1.0E-4
4993	4994;1.0E-4
5002	5003;1.4999998E-5
5017	5018;1.0E-4
5023	5024;1.0E-4
5038	5039;1.0E-4
5044	5045;1.0E-4
505	506;4.779937E-5
5050	5051;1.0E-4
5059	5060;1.0E-4
5065	5066;1.0E-4
5071	5072;1.0E-4
5086	5087;1.0E-4
5092	5093;1.0E-4
5104	5105;3.8587496E-5
511	512;1.0E-4
5110	5111;7.68383E-5
5119	5120;1.0E-4
5125	5126;1.0E-4
5131	5132;1.0E-4
5146	5147;1.0E-4
5152	5153;1.0E-4
5167	5168;1.0E-4
5173	5174;1.0E-4
5188	5189;1.0E-4
5194	5195;1.0E-4
5206	5207;5.5629465E-5
5212	5213;1.0E-4
5227	5228;1.0E-4
5233	5234;1.0E-4
5248	5249;1.0E-4
5254	5255;1.0E-4
526	527;1.0E-4
5260	5261;1.0E-4
5269	5270;1.0E-4
5275	5276;1.0E-4
5281	5282;1.0E-4
5296	5297;1.0E-4
5308	5309;6.7942296E-5
5314	5315;1.0E-4
532	533;1.0E-4
5320	5321;1.0E-4
5329	5330;1.0E-4
5335	5336;1.0E-4
5341	5342;1.0E-4
5356	5357;1.0E-4
5362	5363;1.0E-4
5377	5378;1.0E-4
5383	5384;1.0E-4
5398	5399;1.0E-4
5401	5402;0.0
5416	5417;1.0E-4
5422	5423;1.0E-4
5437	5438;1.0E-4
5443	5444;1.0E-4
5458	5459;1.0E-4
5464	5465;1.0E-4
547	548;1.0E-4
5470	5471;1.0E-4
5479	5480;1.0E-4
5485	5486;1.0E-4
5491	5492;1.0E-4
5503	5504;2.7749997E-5
5518	5519;1.0E-4
5524	5525;1.0E-4
553	554;1.0E-4
5530	5531;1.0E-4
5539	5540;1.0E-4
5545	5546;1.0E-4
5551	5552;1.0E-4
5566	5567;1.0E-4
5572	5573;1.0E-4
5587	5588;1.0E-4
5593	5594;1.0E-4
5605	5606;4.779937E-5
5611	5612;1.0E-4
5626	5627;1.0E-4
5632	5633;1.0E-4
5647	5648;1.0E-4
5653	5654;1.0E-4
5668	5669;1.0E-4
5674	5675;1.0E-4
568	569;1.0E-4
5680	5681;1.0E-4
5689	5690;1.0E-4
5695	5696;1.0E-4
5707	5708;6.228505E-5
5713	5714;1.0E-4
5728	5729;1.0E-4
5734	5735;1.0E-4
574	575;1.0E-4
5740	5741;1.0E-4
5749	5750;1.0E-4
5755	5756;1.0E-4
5761	5762;1.0E-4
5776	5777;1.0E-4
5782	5783;1.0E-4
5797	5798;1.0E-4
58	59;1.0E-4
580	581;1.0E-4
5800	0;1.0E-4
5809	5810;7.275095E-5
5815	5816;1.0E-4
5821	5822;1.0E-4
5836	5837;1.0E-4
5842	5843;1.0E-4
5857	5858;1.0E-4
5863	5864;1.0E-4
5878	5879;1.0E-4
5884	5885;1.0E-4
589	590;1.0E-4
5890	5891;1.0E-4
5899	5900;1.0E-4
5902	5903;1.4999998E-5
5917	5918;1.0E-4
5923	5924;1.0E-4
5938	5939;1.0E-4
5944	5945;1.0E-4
595	596;1.0E-4
5950	5951;1.0E-4
5959	5960;1.0E-4
5965	5966;1.0E-4
5971	5972;1.0E-4
5986	5987;1.0E-4
5992	5993;1.0E-4
6001	6002;0.0
6016	6017;1.0E-4
6022	6023;1.0E-4
6037	6038;1.0E-4
6043	6044;1.0E-4
6058	6059;1.0E-4
6064	6065;1.0E-4
607	608;6.228505E-5
6070	6071;1.0E-4
6079	6080;1.0E-4
6085	6086;1.0E-4
6091	6092;1.0E-4
6103	6104;2.7749997E-5
6118	6119;1.0E-4
6124	6125;1.0E-4
613	614;1.0E-4
6130	6131;1.0E-4
6139	6140;1.0E-4
6145	6146;1.0E-4
6151	6152;1.0E-4
6166	6167;1.0E-4
6172	6173;1.0E-4
6187	6188;1.0E-4
6193	6194;1.0E-4
6205	6206;4.779937E-5
6211	6212;1.0E-4
6226	6227;1.0E-4
6232	6233;1.0E-4
6247	6248;1.0E-4
6253	6254;1.0E-4
6268	6269;1.0E-4
6274	6275;1.0E-4
628	629;1.0E-4
6280	6281;1.0E-4
6289	6290;1.0E-4
6295	6296;1.0E-4
6307	6308;6.228505E-5
6313	6314;1.0E-4
6328	6329;1.0E-4
6334	6335;1.0E-4
634	635;1.0E-4
6340	6341;1.0E-4
6349	6350;1.0E-4
6355	6356;1.0E-4
6361	6362;1.0E-4
6376	6377;1.0E-4
6382	6383;1.0E-4
6397	6398;1.0E-4
64	65;1.0E-4
640	641;1.0E-4
6400	0;1.0E-4
6409	6410;7.275095E-5
6415	6416;1.0E-4
6421	6422;1.0E-4
6436	6437;1.0E-4
6442	6443;1.0E-4
6457	6458;1.0E-4
6463	6464;1.0E-4
6478	6479;1.0E-4
6484	6485;1.0E-4
649	650;1.0E-4
6490	6491;1.0E-4
6499	6500;1.0E-4
6502	6503;1.4999998E-5
6517	6518;1.0E-4
6523	6524;1.0E-4
6538	6539;1.0E-4
6544	6545;1.0E-4
655	656;1.0E-4
6550	6551;1.0E-4
6559	6560;1.0E-4
6565	6566;1.0E-4
6571	6572;1.0E-4
6586	6587;1.0E-4
6592	6593;1.0E-4
6604	6605;3.8587496E-5
661	662;1.0E-4
6610	6611;7.68383E-5
6619	6620;1.0E-4
6625	6626;1.0E-4
6631	6632;1.0E-4
6646	6647;1.0E-4
6652	6653;1.0E-4
6667	6668;1.0E-4
6673	6674;1.0E-4
6688	6689;1.0E-4
6694	6695;1.0E-4
6706	6707;5.5629465E-5
6712	6713;1.0E-4
6727	6728;1.0E-4
6733	6734;1.0E-4
6748	6749;1.0E-4
6754	6755;1.0E-4
676	677;1.0E-4
6760	6761;1.0E-4
6769	6770;1.0E-4
6775	6776;1.0E-4
6781	6782;1.0E-4
6796	6797;1.0E-4
6808	6809;6.7942296E-5
6814	6815;1.0E-4
682	683;1.0E-4
6820	6821;1.0E-4
6829	6830;1.0E-4
6835	6836;1.0E-4
6841	6842;1.0E-4
6856	6857;1.0E-4
6862	6863;1.0E-4
6877	6878;1.0E-4
6883	6884;1.0E-4
6898	6899;1.0E-4
6901	6902;0.0
6916	6917;1.0E-4
6922	6923;1.0E-4
6937	6938;1.0E-4
6943	6944;1.0E-4
6958	6959;1.0E-4
6964	6965;1.0E-4
697	698;1.0E-4
6970	6971;1.0E-4
6979	6980;1.0E-4
6985	6986;1.0E-4
6991	6992;1.0E-4
7	8;6.228505E-5
70	71;1.0E-4
700	0;1.0E-4
7000	0;1.0E-4
7009	7010;7.275095E-5
7015	7016;1.0E-4
7021	7022;1.0E-4
7036	7037;1.0E-4
7042	7043;1.0E-4
7057	7058;1.0E-4
7063	7064;1.0E-4
7078	7079;1.0E-4
7084	7085;1.0E-4
709	710;7.275095E-5
7090	7091;1.0E-4
7099	7100;1.0E-4
7102	7103;1.4999998E-5
7117	7118;1.0E-4
7123	7124;1.0E-4
7138	7139;1.0E-4
7144	7145;1.0E-4
715	716;1.0E-4
7150	7151;1.0E-4
7159	7160;1.0E-4
7165	7166;1.0E-4
7171	7172;1.0E-4
7186	7187;1.0E-4
7192	7193;1.0E-4
7204	7205;3.8587496E-5
721	722;1.0E-4
7210	7211;7.68383E-5
7219	7220;1.0E-4
7225	7226;1.0E-4
7231	7232;1.0E-4
7246	7247;1.0E-4
7252	7253;1.0E-4
7267	7268;1.0E-4
7273	7274;1.0E-4
7288	7289;1.0E-4
7294	7295;1.0E-4
7306	7307;5.5629465E-5
7312	7313;1.0E-4
7327	7328;1.0E-4
7333	7334;1.0E-4
7348	7349;1.0E-4
7354	7355;1.0E-4
736	737;1.0E-4
7360	7361;1.0E-4
7369	7370;1.0E-4
7375	7376;1.0E-4
7381	7382;1.0E-4
7396	7397;1.0E-4
7408	7409;6.7942296E-5
7414	7415;1.0E-4
742	743;1.0E-4
7420	7421;1.0E-4
7429	7430;1.0E-4
7435	7436;1.0E-4
7441	7442;1.0E-4
7456	7457;1.0E-4
7462	7463;1.0E-4
7477	7478;1.0E-4
7483	7484;1.0E-4
7498	7499;1.0E-4
7501	7502;0.0
7516	7517;1.0E-4
7522	7523;1.0E-4
7537	7538;1.0E-4
7543	7544;1.0E-4
7558	7559;1.0E-4
7564	7565;1.0E-4
757	758;1.0E-4
7570	7571;1.0E-4
7579	7580;1.0E-4
7585	7586;1.0E-4
7591	7592;1.0E-4
7603	7604;2.7749997E-5
7618	7619;1.0E-4
7624	7625;1.0E-4
763	764;1.0E-4
7630	7631;1.0E-4
7639	7640;1.0E-4
7645	7646;1.0E-4
7651	7652;1.0E-4
7666	7667;1.0E-4
7672	7673;1.0E-4
7687	7688;1.0E-4
7693	7694;1.0E-4
7705	7706;4.779937E-5
7711	7712;1.0E-4
7726	7727;1.0E-4
7732	7733;1.0E-4
7747	7748;1.0E-4
7753	7754;1.0E-4
7768	7769;1.0E-4
7774	7775;1.0E-4
778	779;1.0E-4
7780	7781;1.0E-4
7789	7790;1.0E-4
7795	7796;1.0E-4
7807	7808;6.228505E-5
7813	7814;1.0E-4
7828	7829;1.0E-4
7834	7835;1.0E-4
784	785;1.0E-4
7840	7841;1.0E-4
7849	7850;1.0E-4
7855	7856;1.0E-4
7861	7862;1.0E-4
7876	7877;1.0E-4
7882	7883;1.0E-4
7897	7898;1.0E-4
79	80;1.0E-4
790	791;1.0E-4
7900	0;1.0E-4
7909	7910;7.275095E-5
7915	7916;1.0E-4
7921	7922;1.0E-4
7936	7937;1.0E-4
7942	7943;1.0E-4
7957	7958;1.0E-4
7963	7964;1.0E-4
7978	7979;1.0E-4
7984	7985;1.0E-4
799	800;1.0E-4
7990	7991;1.0E-4
7999	8000;1.0E-4
8008	8009;6.7942296E-5
8014	8015;1.0E-4
802	803;1.4999998E-5
8020	8021;1.0E-4
8029	8030;1.0E-4
8035	8036;1.0E-4
8041	8042;1.0E-4
8056	8057;1.0E-4
8062	8063;1.0E-4
8077	8078;1.0E-4
8083	8084;1.0E-4
8098	8099;1.0E-4
8101	8102;0.0
8116	8117;1.0E-4
8122	8123;1.0E-4
8137	8138;1.0E-4
8143	8144;1.0E-4
8158	8159;1.0E-4
8164	8165;1.0E-4
817	818;1.0E-4
8170	8171;1.0E-4
8179	8180;1.0E-4
8185	8186;1.0E-4
8191	8192;1.0E-4
8203	8204;2.7749997E-5
8218	8219;1.0E-4
8224	8225;1.0E-4
823	824;1.0E-4
8230	8231;1.0E-4
8239	8240;1.0E-4
8245	8246;1.0E-4
8251	8252;1.0E-4
8266	8267;1.0E-4
8272	8273;1.0E-4
8287	8288;1.0E-4
8293	8294;1.0E-4
8305	8306;4.779937E-5
8311	8312;1.0E-4
8326	8327;1.0E-4
8332	8333;1.0E-4
8347	8348;1.0E-4
8353	8354;1.0E-4
8368	8369;1.0E-4
8374	8375;1.0E-4
838	839;1.0E-4
8380	8381;1.0E-4
8389	8390;1.0E-4
8395	8396;1.0E-4
8407	8408;6.228505E-5
8413	8414;1.0E-4
8428	8429;1.0E-4
8434	8435;1.0E-4
844	845;1.0E-4
8440	8441;1.0E-4
8449	8450;1.0E-4
8455	8456;1.0E-4
8461	8462;1.0E-4
8476	8477;1.0E-4
8482	8483;1.0E-4
8497	8498;1.0E-4
85	86;1.0E-4
850	851;1.0E-4
8500	0;1.0E-4
8509	8510;7.275095E-5
8515	8516;1.0E-4
8521	8522;1.0E-4
8536	8537;1.0E-4
8542	8543;1.0E-4
8557	8558;1.0E-4
8563	8564;1.0E-4
8578	8579;1.0E-4
8584	8585;1.0E-4
859	860;1.0E-4
8590	8591;1.0E-4
8599	8600;1.0E-4
8602	8603;1.4999998E-5
8617	8618;1.0E-4
8623	8624;1.0E-4
8638	8639;1.0E-4
8644	8645;1.0E-4
865	866;1.0E-4
8650	8651;1.0E-4
8659	8660;1.0E-4
8665	8666;1.0E-4
8671	8672;1.0E-4
8686	8687;1.0E-4
8692	8693;1.0E-4
8704	8705;3.8587496E-5
871	872;1.0E-4
8710	8711;7.68383E-5
8719	8720;1.0E-4
8725	8726;1.0E-4
8731	8732;1.0E-4
8746	8747;1.0E-4
8752	8753;1.0E-4
8767	8768;1.0E-4
8773	8774;1.0E-4
8788	8789;1.0E-4
8794	8795;1.0E-4
8806	8807;5.5629465E-5
8812	8813;1.0E-4
8827	8828;1.0E-4
8833	8834;1.0E-4
8848	8849;1.0E-4
8854	8855;1.0E-4
886	887;1.0E-4
8860	8861;1.0E-4
8869	8870;1.0E-4
8875	8876;1.0E-4
8881	8882;1.0E-4
8896	8897;1.0E-4
8908	8909;6.7942296E-5
8914	8915;1.0E-4
892	893;1.0E-4
8920	8921;1.0E-4
8929	8930;1.0E-4
8935	8936;1.0E-4
8941	8942;1.0E-4
8956	8957;1.0E-4
8962	8963;1.0E-4
8977	8978;1.0E-4
8983	8984;1.0E-4
8998	8999;1.0E-4
9007	9008;6.228505E-5
9013	9014;1.0E-4
9028	9029;1.0E-4
9034	9035;1.0E-4
904	905;3.8587496E-5
9040	9041;1.0E-4
9049	9050;1.0E-4
9055	9056;1.0E-4
9061	9062;1.0E-4
9076	9077;1.0E-4
9082	9083;1.0E-4
9097	9098;1.0E-4
91	92;1.0E-4
910	911;7.68383E-5
9100	0;1.0E-4
9109	9110;7.275095E-5
9115	9116;1.0E-4
9121	9122;1.0E-4
9136	9137;1.0E-4
9142	9143;1.0E-4
9157	9158;1.0E-4
9163	9164;1.0E-4
9178	9179;1.0E-4
9184	9185;1.0E-4
919	920;1.0E-4
9190	9191;1.0E-4
9199	9200;1.0E-4
9202	9203;1.4999998E-5
9217	9218;1.0E-4
9223	9224;1.0E-4
9238	9239;1.0E-4
9244	9245;1.0E-4
925	926;1.0E-4
9250	9251;1.0E-4
9259	9260;1.0E-4
9265	9266;1.0E-4
9271	9272;1.0E-4
9286	9287;1.0E-4
9292	9293;1.0E-4
9304	9305;3.8587496E-5
931	932;1.0E-4
9310	9311;7.68383E-5
9319	9320;1.0E-4
9325	9326;1.0E-4
9331	9332;1.0E-4
9346	9347;1.0E-4
9352	9353;1.0E-4
9367	9368;1.0E-4
9373	9374;1.0E-4
9388	9389;1.0E-4
9394	9395;1.0E-4
9406	9407;5.5629465E-5
9412	9413;1.0E-4
9427	9428;1.0E-4
9433	9434;1.0E-4
9448	9449;1.0E-4
9454	9455;1.0E-4
946	947;1.0E-4
9460	9461;1.0E-4
9469	9470;1.0E-4
9475	9476;1.0E-4
9481	9482;1.0E-4
9496	9497;1.0E-4
9508	9509;6.7942296E-5
9514	9515;1.0E-4
952	953;1.0E-4
9520	9521;1.0E-4
9529	9530;1.0E-4
9535	9536;1.0E-4
9541	9542;1.0E-4
9556	9557;1.0E-4
9562	9563;1.0E-4
9577	9578;1.0E-4
9583	9584;1.0E-4
9598	9599;1.0E-4
9601	9602;0.0
9616	9617;1.0E-4
9622	9623;1.0E-4
9637	9638;1.0E-4
9643	9644;1.0E-4
9658	9659;1.0E-4
9664	9665;1.0E-4
967	968;1.0E-4
9670	9671;1.0E-4
9679	9680;1.0E-4
9685	9686;1.0E-4
9691	9692;1.0E-4
9703	9704;2.7749997E-5
9718	9719;1.0E-4
9724	9725;1.0E-4
973	974;1.0E-4
9730	9731;1.0E-4
9739	9740;1.0E-4
9745	9746;1.0E-4
9751	9752;1.0E-4
9766	9767;1.0E-4
9772	9773;1.0E-4
9787	9788;1.0E-4
9793	9794;1.0E-4
9805	9806;4.779937E-5
9811	9812;1.0E-4
9826	9827;1.0E-4
9832	9833;1.0E-4
9847	9848;1.0E-4
9853	9854;1.0E-4
9868	9869;1.0E-4
9874	9875;1.0E-4
988	989;1.0E-4
9880	9881;1.0E-4
9889	9890;1.0E-4
9895	9896;1.0E-4
9907	9908;6.228505E-5
9913	9914;1.0E-4
9928	9929;1.0E-4
9934	9935;1.0E-4
994	995;1.0E-4
9940	9941;1.0E-4
9949	9950;1.0E-4
9955	9956;1.0E-4
9961	9962;1.0E-4
9976	9977;1.0E-4
9982	9983;1.0E-4
9997	9998;1.0E-4
