1002	1003;1.4999998E-5
1017	1018;1.0E-4
102	103;1.4999998E-5
1023	1024;1.0E-4
1038	1039;1.0E-4
1044	1045;1.0E-4
1050	1051;1.0E-4
1059	1060;1.0E-4
1065	1066;1.0E-4
1071	1072;1.0E-4
1086	1087;1.0E-4
1092	1093;1.0E-4
1104	1105;3.8587496E-5
1110	1111;7.68383E-5
1119	1120;1.0E-4
1125	1126;1.0E-4
1131	1132;1.0E-4
1146	1147;1.0E-4
1152	1153;1.0E-4
1167	1168;1.0E-4
117	118;1.0E-4
1173	1174;1.0E-4
1188	1189;1.0E-4
1194	1195;1.0E-4
12	13;1.0E-4
1206	1207;5.5629465E-5
1212	1213;1.0E-4
1227	1228;1.0E-4
123	124;1.0E-4
1233	1234;1.0E-4
1248	1249;1.0E-4
1254	1255;1.0E-4
1260	1261;1.0E-4
1269	1270;1.0E-4
1275	1276;1.0E-4
1281	1282;1.0E-4
1296	1297;1.0E-4
1308	1309;6.7942296E-5
1314	1315;1.0E-4
1320	1321;1.0E-4
1329	1330;1.0E-4
1335	1336;1.0E-4
1341	1342;1.0E-4
1356	1357;1.0E-4
1362	1363;1.0E-4
1377	1378;1.0E-4
138	139;1.0E-4
1383	1384;1.0E-4
1398	1399;1.0E-4
1401	1402;0.0
1416	1417;1.0E-4
1422	1423;1.0E-4
1437	1438;1.0E-4
144	145;1.0E-4
1443	1444;1.0E-4
1458	1459;1.0E-4
1464	1465;1.0E-4
1470	1471;1.0E-4
1479	1480;1.0E-4
1485	1486;1.0E-4
1491	1492;1.0E-4
150	151;1.0E-4
1503	1504;2.7749997E-5
1518	1519;1.0E-4
1524	1525;1.0E-4
1530	1531;1.0E-4
1539	1540;1.0E-4
1545	1546;1.0E-4
1551	1552;1.0E-4
1566	1567;1.0E-4
1572	1573;1.0E-4
1587	1588;1.0E-4
159	160;1.0E-4
1593	1594;1.0E-4
1605	1606;4.779937E-5
1611	1612;1.0E-4
1626	1627;1.0E-4
1632	1633;1.0E-4
1647	1648;1.0E-4
165	166;1.0E-4
1653	1654;1.0E-4
1668	1669;1.0E-4
1674	1675;1.0E-4
1680	1681;1.0E-4
1689	1690;1.0E-4
1695	1696;1.0E-4
1707	1708;6.228505E-5
171	172;1.0E-4
1713	1714;1.0E-4
1728	1729;1.0E-4
1734	1735;1.0E-4
1740	1741;1.0E-4
1749	1750;1.0E-4
1755	1756;1.0E-4
1761	1762;1.0E-4
1776	1777;1.0E-4
1782	1783;1.0E-4
1797	1798;1.0E-4
1800	0;1.0E-4
1809	1810;7.275095E-5
1815	1816;1.0E-4
1821	1822;1.0E-4
1836	1837;1.0E-4
1842	1843;1.0E-4
1857	1858;1.0E-4
186	187;1.0E-4
1863	1864;1.0E-4
1878	1879;1.0E-4
1884	1885;1.0E-4
1890	1891;1.0E-4
1899	1900;1.0E-4
1902	1903;1.4999998E-5
1917	1918;1.0E-4
192	193;1.0E-4
1923	1924;1.0E-4
1938	1939;1.0E-4
1944	1945;1.0E-4
1950	1951;1.0E-4
1959	1960;1.0E-4
1965	1966;1.0E-4
1971	1972;1.0E-4
1986	1987;1.0E-4
1992	1993;1.0E-4
2001	2002;0.0
2016	2017;1.0E-4
2022	2023;1.0E-4
2037	2038;1.0E-4
204	205;3.8587496E-5
2043	2044;1.0E-4
2058	2059;1.0E-4
2064	2065;1.0E-4
2070	2071;1.0E-4
2079	2080;1.0E-4
2085	2086;1.0E-4
2091	2092;1.0E-4
210	211;7.68383E-5
2103	2104;2.7749997E-5
2118	2119;1.0E-4
2124	2125;1.0E-4
2130	2131;1.0E-4
2139	2140;1.0E-4
2145	2146;1.0E-4
2151	2152;1.0E-4
2166	2167;1.0E-4
2172	2173;1.0E-4
2187	2188;1.0E-4
219	220;1.0E-4
2193	2194;1.0E-4
2205	2206;4.779937E-5
2211	2212;1.0E-4
2226	2227;1.0E-4
2232	2233;1.0E-4
2247	2248;1.0E-4
225	226;1.0E-4
2253	2254;1.0E-4
2268	2269;1.0E-4
2274	2275;1.0E-4
2280	2281;1.0E-4
2289	2290;1.0E-4
2295	2296;1.0E-4
2307	2308;6.228505E-5
231	232;1.0E-4
2313	2314;1.0E-4
2328	2329;1.0E-4
2334	2335;1.0E-4
2340	2341;1.0E-4
2349	2350;1.0E-4
2355	2356;1.0E-4
2361	2362;1.0E-4
2376	2377;1.0E-4
2382	2383;1.0E-4
2397	2398;1.0E-4
2400	0;1.0E-4
2409	2410;7.275095E-5
2415	2416;1.0E-4
2421	2422;1.0E-4
2436	2437;1.0E-4
2442	2443;1.0E-4
2457	2458;1.0E-4
246	247;1.0E-4
2463	2464;1.0E-4
2478	2479;1.0E-4
2484	2485;1.0E-4
2490	2491;1.0E-4
2499	2500;1.0E-4
2502	2503;1.4999998E-5
2517	2518;1.0E-4
252	253;1.0E-4
2523	2524;1.0E-4
2538	2539;1.0E-4
2544	2545;1.0E-4
2550	2551;1.0E-4
2559	2560;1.0E-4
2565	2566;1.0E-4
2571	2572;1.0E-4
2586	2587;1.0E-4
2592	2593;1.0E-4
2604	2605;3.8587496E-5
2610	2611;7.68383E-5
2619	2620;1.0E-4
2625	2626;1.0E-4
2631	2632;1.0E-4
2646	2647;1.0E-4
2652	2653;1.0E-4
2667	2668;1.0E-4
267	268;1.0E-4
2673	2674;1.0E-4
2688	2689;1.0E-4
2694	2695;1.0E-4
27	28;1.0E-4
2706	2707;5.5629465E-5
2712	2713;1.0E-4
2727	2728;1.0E-4
273	274;1.0E-4
2733	2734;1.0E-4
2748	2749;1.0E-4
2754	2755;1.0E-4
2760	2761;1.0E-4
2769	2770;1.0E-4
2775	2776;1.0E-4
2781	2782;1.0E-4
2796	2797;1.0E-4
2808	2809;6.7942296E-5
2814	2815;1.0E-4
2820	2821;1.0E-4
2829	2830;1.0E-4
2835	2836;1.0E-4
2841	2842;1.0E-4
2856	2857;1.0E-4
2862	2863;1.0E-4
2877	2878;1.0E-4
288	289;1.0E-4
2883	2884;1.0E-4
2898	2899;1.0E-4
2901	2902;0.0
2916	2917;1.0E-4
2922	2923;1.0E-4
2937	2938;1.0E-4
294	295;1.0E-4
2943	2944;1.0E-4
2958	2959;1.0E-4
2964	2965;1.0E-4
2970	2971;1.0E-4
2979	2980;1.0E-4
2985	2986;1.0E-4
2991	2992;1.0E-4
3	4;2.7749997E-5
3000	0;1.0E-4
3009	3010;7.275095E-5
3015	3016;1.0E-4
3021	3022;1.0E-4
3036	3037;1.0E-4
3042	3043;1.0E-4
3057	3058;1.0E-4
306	307;5.5629465E-5
3063	3064;1.0E-4
3078	3079;1.0E-4
3084	3085;1.0E-4
3090	3091;1.0E-4
3099	3100;1.0E-4
3102	3103;1.4999998E-5
3117	3118;1.0E-4
312	313;1.0E-4
3123	3124;1.0E-4
3138	3139;1.0E-4
3144	3145;1.0E-4
3150	3151;1.0E-4
3159	3160;1.0E-4
3165	3166;1.0E-4
3171	3172;1.0E-4
3186	3187;1.0E-4
3192	3193;1.0E-4
3204	3205;3.8587496E-5
3210	3211;7.68383E-5
3219	3220;1.0E-4
3225	3226;1.0E-4
3231	3232;1.0E-4
3246	3247;1.0E-4
3252	3253;1.0E-4
3267	3268;1.0E-4
327	328;1.0E-4
3273	3274;1.0E-4
3288	3289;1.0E-4
3294	3295;1.0E-4
33	34;1.0E-4
3306	3307;5.5629465E-5
3312	3313;1.0E-4
3327	3328;1.0E-4
333	334;1.0E-4
3333	3334;1.0E-4
3348	3349;1.0E-4
3354	3355;1.0E-4
3360	3361;1.0E-4
3369	3370;1.0E-4
3375	3376;1.0E-4
3381	3382;1.0E-4
3396	3397;1.0E-4
3408	3409;6.7942296E-5
3414	3415;1.0E-4
3420	3421;1.0E-4
3429	3430;1.0E-4
3435	3436;1.0E-4
3441	3442;1.0E-4
3456	3457;1.0E-4
3462	3463;1.0E-4
3477	3478;1.0E-4
348	349;1.0E-4
3483	3484;1.0E-4
3498	3499;1.0E-4
3501	3502;0.0
3516	3517;1.0E-4
3522	3523;1.0E-4
3537	3538;1.0E-4
354	355;1.0E-4
3543	3544;1.0E-4
3558	3559;1.0E-4
3564	3565;1.0E-4
3570	3571;1.0E-4
3579	3580;1.0E-4
3585	3586;1.0E-4
3591	3592;1.0E-4
360	361;1.0E-4
3603	3604;2.7749997E-5
3618	3619;1.0E-4
3624	3625;1.0E-4
3630	3631;1.0E-4
3639	3640;1.0E-4
3645	3646;1.0E-4
3651	3652;1.0E-4
3666	3667;1.0E-4
3672	3673;1.0E-4
3687	3688;1.0E-4
369	370;1.0E-4
3693	3694;1.0E-4
3705	3706;4.779937E-5
3711	3712;1.0E-4
3726	3727;1.0E-4
3732	3733;1.0E-4
3747	3748;1.0E-4
375	376;1.0E-4
3753	3754;1.0E-4
3768	3769;1.0E-4
3774	3775;1.0E-4
3780	3781;1.0E-4
3789	3790;1.0E-4
3795	3796;1.0E-4
3807	3808;6.228505E-5
381	382;1.0E-4
3813	3814;1.0E-4
3828	3829;1.0E-4
3834	3835;1.0E-4
3840	3841;1.0E-4
3849	3850;1.0E-4
3855	3856;1.0E-4
3861	3862;1.0E-4
3876	3877;1.0E-4
3882	3883;1.0E-4
3897	3898;1.0E-4
3900	0;1.0E-4
3909	3910;7.275095E-5
3915	3916;1.0E-4
3921	3922;1.0E-4
3936	3937;1.0E-4
3942	3943;1.0E-4
3957	3958;1.0E-4
396	397;1.0E-4
3963	3964;1.0E-4
3978	3979;1.0E-4
3984	3985;1.0E-4
3990	3991;1.0E-4
3999	4000;1.0E-4
4008	4009;6.7942296E-5
4014	4015;1.0E-4
4020	4021;1.0E-4
4029	4030;1.0E-4
4035	4036;1.0E-4
4041	4042;1.0E-4
4056	4057;1.0E-4
4062	4063;1.0E-4
4077	4078;1.0E-4
408	409;6.7942296E-5
4083	4084;1.0E-4
4098	4099;1.0E-4
4101	4102;0.0
4116	4117;1.0E-4
4122	4123;1.0E-4
4137	4138;1.0E-4
414	415;1.0E-4
4143	4144;1.0E-4
4158	4159;1.0E-4
4164	4165;1.0E-4
4170	4171;1.0E-4
4179	4180;1.0E-4
4185	4186;1.0E-4
4191	4192;1.0E-4
420	421;1.0E-4
4203	4204;2.7749997E-5
4218	4219;1.0E-4
4224	4225;1.0E-4
4230	4231;1.0E-4
4239	4240;1.0E-4
4245	4246;1.0E-4
4251	4252;1.0E-4
4266	4267;1.0E-4
4272	4273;1.0E-4
4287	4288;1.0E-4
429	430;1.0E-4
4293	4294;1.0E-4
4305	4306;4.779937E-5
4311	4312;1.0E-4
4326	4327;1.0E-4
4332	4333;1.0E-4
4347	4348;1.0E-4
435	436;1.0E-4
4353	4354;1.0E-4
4368	4369;1.0E-4
4374	4375;1.0E-4
4380	4381;1.0E-4
4389	4390;1.0E-4
4395	4396;1.0E-4
4407	4408;6.228505E-5
441	442;1.0E-4
4413	4414;1.0E-4
4428	4429;1.0E-4
4434	4435;1.0E-4
4440	4441;1.0E-4
4449	4450;1.0E-4
4455	4456;1.0E-4
4461	4462;1.0E-4
4476	4477;1.0E-4
4482	4483;1.0E-4
4497	4498;1.0E-4
4500	0;1.0E-4
4509	4510;7.275095E-5
4515	4516;1.0E-4
4521	4522;1.0E-4
4536	4537;1.0E-4
4542	4543;1.0E-4
4557	4558;1.0E-4
456	457;1.0E-4
4563	4564;1.0E-4
4578	4579;1.0E-4
4584	4585;1.0E-4
4590	4591;1.0E-4
4599	4600;1.0E-4
4602	4603;1.4999998E-5
4617	4618;1.0E-4
462	463;1.0E-4
4623	4624;1.0E-4
4638	4639;1.0E-4
4644	4645;1.0E-4
4650	4651;1.0E-4
4659	4660;1.0E-4
4665	4666;1.0E-4
4671	4672;1.0E-4
4686	4687;1.0E-4
4692	4693;1.0E-4
4704	4705;3.8587496E-5
4710	4711;7.68383E-5
4719	4720;1.0E-4
4725	4726;1.0E-4
4731	4732;1.0E-4
4746	4747;1.0E-4
4752	4753;1.0E-4
4767	4768;1.0E-4
477	478;1.0E-4
4773	4774;1.0E-4
4788	4789;1.0E-4
4794	4795;1.0E-4
48	49;1.0E-4
4806	4807;5.5629465E-5
4812	4813;1.0E-4
4827	4828;1.0E-4
483	484;1.0E-4
4833	4834;1.0E-4
4848	4849;1.0E-4
4854	4855;1.0E-4
4860	4861;1.0E-4
4869	4870;1.0E-4
4875	4876;1.0E-4
4881	4882;1.0E-4
4896	4897;1.0E-4
4908	4909;6.7942296E-5
4914	4915;1.0E-4
4920	4921;1.0E-4
4929	4930;1.0E-4
4935	4936;1.0E-4
4941	4942;1.0E-4
4956	4957;1.0E-4
4962	4963;1.0E-4
4977	4978;1.0E-4
498	499;1.0E-4
4983	4984;1.0E-4
4998	4999;1.0E-4
5007	5008;6.228505E-5
501	502;0.0
5013	5014;1.0E-4
5028	5029;1.0E-4
5034	5035;1.0E-4
5040	5041;1.0E-4
5049	5050;1.0E-4
5055	5056;1.0E-4
5061	5062;1.0E-4
5076	5077;1.0E-4
5082	5083;1.0E-4
5097	5098;1.0E-4
5100	0;1.0E-4
5109	5110;7.275095E-5
5115	5116;1.0E-4
5121	5122;1.0E-4
5136	5137;1.0E-4
5142	5143;1.0E-4
5157	5158;1.0E-4
516	517;1.0E-4
5163	5164;1.0E-4
5178	5179;1.0E-4
5184	5185;1.0E-4
5190	5191;1.0E-4
5199	5200;1.0E-4
5202	5203;1.4999998E-5
5217	5218;1.0E-4
522	523;1.0E-4
5223	5224;1.0E-4
5238	5239;1.0E-4
5244	5245;1.0E-4
5250	5251;1.0E-4
5259	5260;1.0E-4
5265	5266;1.0E-4
5271	5272;1.0E-4
5286	5287;1.0E-4
5292	5293;1.0E-4
5304	5305;3.8587496E-5
5310	5311;7.68383E-5
5319	5320;1.0E-4
5325	5326;1.0E-4
5331	5332;1.0E-4
5346	5347;1.0E-4
5352	5353;1.0E-4
5367	5368;1.0E-4
537	538;1.0E-4
5373	5374;1.0E-4
5388	5389;1.0E-4
5394	5395;1.0E-4
54	55;1.0E-4
5406	5407;5.5629465E-5
5412	5413;1.0E-4
5427	5428;1.0E-4
543	544;1.0E-4
5433	5434;1.0E-4
5448	5449;1.0E-4
5454	5455;1.0E-4
5460	5461;1.0E-4
5469	5470;1.0E-4
5475	5476;1.0E-4
5481	5482;1.0E-4
5496	5497;1.0E-4
5508	5509;6.7942296E-5
5514	5515;1.0E-4
5520	5521;1.0E-4
5529	5530;1.0E-4
5535	5536;1.0E-4
5541	5542;1.0E-4
5556	5557;1.0E-4
5562	5563;1.0E-4
5577	5578;1.0E-4
558	559;1.0E-4
5583	5584;1.0E-4
5598	5599;1.0E-4
5601	5602;0.0
5616	5617;1.0E-4
5622	5623;1.0E-4
5637	5638;1.0E-4
564	565;1.0E-4
5643	5644;1.0E-4
5658	5659;1.0E-4
5664	5665;1.0E-4
5670	5671;1.0E-4
5679	5680;1.0E-4
5685	5686;1.0E-4
5691	5692;1.0E-4
570	571;1.0E-4
5703	5704;2.7749997E-5
5718	5719;1.0E-4
5724	5725;1.0E-4
5730	5731;1.0E-4
5739	5740;1.0E-4
5745	5746;1.0E-4
5751	5752;1.0E-4
5766	5767;1.0E-4
5772	5773;1.0E-4
5787	5788;1.0E-4
579	580;1.0E-4
5793	5794;1.0E-4
5805	5806;4.779937E-5
5811	5812;1.0E-4
5826	5827;1.0E-4
5832	5833;1.0E-4
5847	5848;1.0E-4
585	586;1.0E-4
5853	5854;1.0E-4
5868	5869;1.0E-4
5874	5875;1.0E-4
5880	5881;1.0E-4
5889	5890;1.0E-4
5895	5896;1.0E-4
5907	5908;6.228505E-5
591	592;1.0E-4
5913	5914;1.0E-4
5928	5929;1.0E-4
5934	5935;1.0E-4
5940	5941;1.0E-4
5949	5950;1.0E-4
5955	5956;1.0E-4
5961	5962;1.0E-4
5976	5977;1.0E-4
5982	5983;1.0E-4
5997	5998;1.0E-4
60	61;1.0E-4
6006	6007;5.5629465E-5
6012	6013;1.0E-4
6027	6028;1.0E-4
603	604;2.7749997E-5
6033	6034;1.0E-4
6048	6049;1.0E-4
6054	6055;1.0E-4
6060	6061;1.0E-4
6069	6070;1.0E-4
6075	6076;1.0E-4
6081	6082;1.0E-4
6096	6097;1.0E-4
6108	6109;6.7942296E-5
6114	6115;1.0E-4
6120	6121;1.0E-4
6129	6130;1.0E-4
6135	6136;1.0E-4
6141	6142;1.0E-4
6156	6157;1.0E-4
6162	6163;1.0E-4
6177	6178;1.0E-4
618	619;1.0E-4
6183	6184;1.0E-4
6198	6199;1.0E-4
6201	6202;0.0
6216	6217;1.0E-4
6222	6223;1.0E-4
6237	6238;1.0E-4
624	625;1.0E-4
6243	6244;1.0E-4
6258	6259;1.0E-4
6264	6265;1.0E-4
6270	6271;1.0E-4
6279	6280;1.0E-4
6285	6286;1.0E-4
6291	6292;1.0E-4
630	631;1.0E-4
6303	6304;2.7749997E-5
6318	6319;1.0E-4
6324	6325;1.0E-4
6330	6331;1.0E-4
6339	6340;1.0E-4
6345	6346;1.0E-4
6351	6352;1.0E-4
6366	6367;1.0E-4
6372	6373;1.0E-4
6387	6388;1.0E-4
639	640;1.0E-4
6393	6394;1.0E-4
6405	6406;4.779937E-5
6411	6412;1.0E-4
6426	6427;1.0E-4
6432	6433;1.0E-4
6447	6448;1.0E-4
645	646;1.0E-4
6453	6454;1.0E-4
6468	6469;1.0E-4
6474	6475;1.0E-4
6480	6481;1.0E-4
6489	6490;1.0E-4
6495	6496;1.0E-4
6507	6508;6.228505E-5
651	652;1.0E-4
6513	6514;1.0E-4
6528	6529;1.0E-4
6534	6535;1.0E-4
6540	6541;1.0E-4
6549	6550;1.0E-4
6555	6556;1.0E-4
6561	6562;1.0E-4
6576	6577;1.0E-4
6582	6583;1.0E-4
6597	6598;1.0E-4
6600	0;1.0E-4
6609	6610;7.275095E-5
6615	6616;1.0E-4
6621	6622;1.0E-4
6636	6637;1.0E-4
6642	6643;1.0E-4
6657	6658;1.0E-4
666	667;1.0E-4
6663	6664;1.0E-4
6678	6679;1.0E-4
6684	6685;1.0E-4
6690	6691;1.0E-4
6699	6700;1.0E-4
6702	6703;1.4999998E-5
6717	6718;1.0E-4
672	673;1.0E-4
6723	6724;1.0E-4
6738	6739;1.0E-4
6744	6745;1.0E-4
6750	6751;1.0E-4
6759	6760;1.0E-4
6765	6766;1.0E-4
6771	6772;1.0E-4
6786	6787;1.0E-4
6792	6793;1.0E-4
6804	6805;3.8587496E-5
6810	6811;7.68383E-5
6819	6820;1.0E-4
6825	6826;1.0E-4
6831	6832;1.0E-4
6846	6847;1.0E-4
6852	6853;1.0E-4
6867	6868;1.0E-4
687	688;1.0E-4
6873	6874;1.0E-4
6888	6889;1.0E-4
6894	6895;1.0E-4
69	70;1.0E-4
6906	6907;5.5629465E-5
6912	6913;1.0E-4
6927	6928;1.0E-4
693	694;1.0E-4
6933	6934;1.0E-4
6948	6949;1.0E-4
6954	6955;1.0E-4
6960	6961;1.0E-4
6969	6970;1.0E-4
6975	6976;1.0E-4
6981	6982;1.0E-4
6996	6997;1.0E-4
7005	7006;4.779937E-5
7011	7012;1.0E-4
7026	7027;1.0E-4
7032	7033;1.0E-4
7047	7048;1.0E-4
705	706;4.779937E-5
7053	7054;1.0E-4
7068	7069;1.0E-4
7074	7075;1.0E-4
7080	7081;1.0E-4
7089	7090;1.0E-4
7095	7096;1.0E-4
7107	7108;6.228505E-5
711	712;1.0E-4
7113	7114;1.0E-4
7128	7129;1.0E-4
7134	7135;1.0E-4
7140	7141;1.0E-4
7149	7150;1.0E-4
7155	7156;1.0E-4
7161	7162;1.0E-4
7176	7177;1.0E-4
7182	7183;1.0E-4
7197	7198;1.0E-4
7200	0;1.0E-4
7209	7210;7.275095E-5
7215	7216;1.0E-4
7221	7222;1.0E-4
7236	7237;1.0E-4
7242	7243;1.0E-4
7257	7258;1.0E-4
726	727;1.0E-4
7263	7264;1.0E-4
7278	7279;1.0E-4
7284	7285;1.0E-4
7290	7291;1.0E-4
7299	7300;1.0E-4
7302	7303;1.4999998E-5
7317	7318;1.0E-4
732	733;1.0E-4
7323	7324;1.0E-4
7338	7339;1.0E-4
7344	7345;1.0E-4
7350	7351;1.0E-4
7359	7360;1.0E-4
7365	7366;1.0E-4
7371	7372;1.0E-4
7386	7387;1.0E-4
7392	7393;1.0E-4
7404	7405;3.8587496E-5
7410	7411;7.68383E-5
7419	7420;1.0E-4
7425	7426;1.0E-4
7431	7432;1.0E-4
7446	7447;1.0E-4
7452	7453;1.0E-4
7467	7468;1.0E-4
747	748;1.0E-4
7473	7474;1.0E-4
7488	7489;1.0E-4
7494	7495;1.0E-4
75	76;1.0E-4
7506	7507;5.5629465E-5
7512	7513;1.0E-4
7527	7528;1.0E-4
753	754;1.0E-4
7533	7534;1.0E-4
7548	7549;1.0E-4
7554	7555;1.0E-4
7560	7561;1.0E-4
7569	7570;1.0E-4
7575	7576;1.0E-4
7581	7582;1.0E-4
7596	7597;1.0E-4
7608	7609;6.7942296E-5
7614	7615;1.0E-4
7620	7621;1.0E-4
7629	7630;1.0E-4
7635	7636;1.0E-4
7641	7642;1.0E-4
7656	7657;1.0E-4
7662	7663;1.0E-4
7677	7678;1.0E-4
768	769;1.0E-4
7683	7684;1.0E-4
7698	7699;1.0E-4
7701	7702;0.0
7716	7717;1.0E-4
7722	7723;1.0E-4
7737	7738;1.0E-4
774	775;1.0E-4
7743	7744;1.0E-4
7758	7759;1.0E-4
7764	7765;1.0E-4
7770	7771;1.0E-4
7779	7780;1.0E-4
7785	7786;1.0E-4
7791	7792;1.0E-4
780	781;1.0E-4
7803	7804;2.7749997E-5
7818	7819;1.0E-4
7824	7825;1.0E-4
7830	7831;1.0E-4
7839	7840;1.0E-4
7845	7846;1.0E-4
7851	7852;1.0E-4
7866	7867;1.0E-4
7872	7873;1.0E-4
7887	7888;1.0E-4
789	790;1.0E-4
7893	7894;1.0E-4
7905	7906;4.779937E-5
7911	7912;1.0E-4
7926	7927;1.0E-4
7932	7933;1.0E-4
7947	7948;1.0E-4
795	796;1.0E-4
7953	7954;1.0E-4
7968	7969;1.0E-4
7974	7975;1.0E-4
7980	7981;1.0E-4
7989	7990;1.0E-4
7995	7996;1.0E-4
8004	8005;3.8587496E-5
8010	8011;7.68383E-5
8019	8020;1.0E-4
8025	8026;1.0E-4
8031	8032;1.0E-4
8046	8047;1.0E-4
8052	8053;1.0E-4
8067	8068;1.0E-4
807	808;6.228505E-5
8073	8074;1.0E-4
8088	8089;1.0E-4
8094	8095;1.0E-4
81	82;1.0E-4
8106	8107;5.5629465E-5
8112	8113;1.0E-4
8127	8128;1.0E-4
813	814;1.0E-4
8133	8134;1.0E-4
8148	8149;1.0E-4
8154	8155;1.0E-4
8160	8161;1.0E-4
8169	8170;1.0E-4
8175	8176;1.0E-4
8181	8182;1.0E-4
8196	8197;1.0E-4
8208	8209;6.7942296E-5
8214	8215;1.0E-4
8220	8221;1.0E-4
8229	8230;1.0E-4
8235	8236;1.0E-4
8241	8242;1.0E-4
8256	8257;1.0E-4
8262	8263;1.0E-4
8277	8278;1.0E-4
828	829;1.0E-4
8283	8284;1.0E-4
8298	8299;1.0E-4
8301	8302;0.0
8316	8317;1.0E-4
8322	8323;1.0E-4
8337	8338;1.0E-4
834	835;1.0E-4
8343	8344;1.0E-4
8358	8359;1.0E-4
8364	8365;1.0E-4
8370	8371;1.0E-4
8379	8380;1.0E-4
8385	8386;1.0E-4
8391	8392;1.0E-4
840	841;1.0E-4
8403	8404;2.7749997E-5
8418	8419;1.0E-4
8424	8425;1.0E-4
8430	8431;1.0E-4
8439	8440;1.0E-4
8445	8446;1.0E-4
8451	8452;1.0E-4
8466	8467;1.0E-4
8472	8473;1.0E-4
8487	8488;1.0E-4
849	850;1.0E-4
8493	8494;1.0E-4
8505	8506;4.779937E-5
8511	8512;1.0E-4
8526	8527;1.0E-4
8532	8533;1.0E-4
8547	8548;1.0E-4
855	856;1.0E-4
8553	8554;1.0E-4
8568	8569;1.0E-4
8574	8575;1.0E-4
8580	8581;1.0E-4
8589	8590;1.0E-4
8595	8596;1.0E-4
8607	8608;6.228505E-5
861	862;1.0E-4
8613	8614;1.0E-4
8628	8629;1.0E-4
8634	8635;1.0E-4
8640	8641;1.0E-4
8649	8650;1.0E-4
8655	8656;1.0E-4
8661	8662;1.0E-4
8676	8677;1.0E-4
8682	8683;1.0E-4
8697	8698;1.0E-4
8700	0;1.0E-4
8709	8710;7.275095E-5
8715	8716;1.0E-4
8721	8722;1.0E-4
8736	8737;1.0E-4
8742	8743;1.0E-4
8757	8758;1.0E-4
876	877;1.0E-4
8763	8764;1.0E-4
8778	8779;1.0E-4
8784	8785;1.0E-4
8790	8791;1.0E-4
8799	8800;1.0E-4
8802	8803;1.4999998E-5
8817	8818;1.0E-4
882	883;1.0E-4
8823	8824;1.0E-4
8838	8839;1.0E-4
8844	8845;1.0E-4
8850	8851;1.0E-4
8859	8860;1.0E-4
8865	8866;1.0E-4
8871	8872;1.0E-4
8886	8887;1.0E-4
8892	8893;1.0E-4
8904	8905;3.8587496E-5
8910	8911;7.68383E-5
8919	8920;1.0E-4
8925	8926;1.0E-4
8931	8932;1.0E-4
8946	8947;1.0E-4
8952	8953;1.0E-4
8967	8968;1.0E-4
897	898;1.0E-4
8973	8974;1.0E-4
8988	8989;1.0E-4
8994	8995;1.0E-4
900	0;1.0E-4
9003	9004;2.7749997E-5
9018	9019;1.0E-4
9024	9025;1.0E-4
9030	9031;1.0E-4
9039	9040;1.0E-4
9045	9046;1.0E-4
9051	9052;1.0E-4
9066	9067;1.0E-4
9072	9073;1.0E-4
9087	9088;1.0E-4
909	910;7.275095E-5
9093	9094;1.0E-4
9105	9106;4.779937E-5
9111	9112;1.0E-4
9126	9127;1.0E-4
9132	9133;1.0E-4
9147	9148;1.0E-4
915	916;1.0E-4
9153	9154;1.0E-4
9168	9169;1.0E-4
9174	9175;1.0E-4
9180	9181;1.0E-4
9189	9190;1.0E-4
9195	9196;1.0E-4
9207	9208;6.228505E-5
921	922;1.0E-4
9213	9214;1.0E-4
9228	9229;1.0E-4
9234	9235;1.0E-4
9240	9241;1.0E-4
9249	9250;1.0E-4
9255	9256;1.0E-4
9261	9262;1.0E-4
9276	9277;1.0E-4
9282	9283;1.0E-4
9297	9298;1.0E-4
9300	0;1.0E-4
9309	9310;7.275095E-5
9315	9316;1.0E-4
9321	9322;1.0E-4
9336	9337;1.0E-4
9342	9343;1.0E-4
9357	9358;1.0E-4
936	937;1.0E-4
9363	9364;1.0E-4
9378	9379;1.0E-4
9384	9385;1.0E-4
9390	9391;1.0E-4
9399	9400;1.0E-4
9402	9403;1.4999998E-5
9417	9418;1.0E-4
942	943;1.0E-4
9423	9424;1.0E-4
9438	9439;1.0E-4
9444	9445;1.0E-4
9450	9451;1.0E-4
9459	9460;1.0E-4
9465	9466;1.0E-4
9471	9472;1.0E-4
9486	9487;1.0E-4
9492	9493;1.0E-4
9504	9505;3.8587496E-5
9510	9511;7.68383E-5
9519	9520;1.0E-4
9525	9526;1.0E-4
9531	9532;1.0E-4
9546	9547;1.0E-4
9552	9553;1.0E-4
9567	9568;1.0E-4
957	958;1.0E-4
9573	9574;1.0E-4
9588	9589;1.0E-4
9594	9595;1.0E-4
96	97;1.0E-4
9606	9607;5.5629465E-5
9612	9613;1.0E-4
9627	9628;1.0E-4
963	964;1.0E-4
9633	9634;1.0E-4
9648	9649;1.0E-4
9654	9655;1.0E-4
9660	9661;1.0E-4
9669	9670;1.0E-4
9675	9676;1.0E-4
9681	9682;1.0E-4
9696	9697;1.0E-4
9708	9709;6.7942296E-5
9714	9715;1.0E-4
9720	9721;1.0E-4
9729	9730;1.0E-4
9735	9736;1.0E-4
9741	9742;1.0E-4
9756	9757;1.0E-4
9762	9763;1.0E-4
9777	9778;1.0E-4
978	979;1.0E-4
9783	9784;1.0E-4
9798	9799;1.0E-4
9801	9802;0.0
9816	9817;1.0E-4
9822	9823;1.0E-4
9837	9838;1.0E-4
984	985;1.0E-4
9843	9844;1.0E-4
9858	9859;1.0E-4
9864	9865;1.0E-4
9870	9871;1.0E-4
9879	9880;1.0E-4
9885	9886;1.0E-4
9891	9892;1.0E-4
990	991;1.0E-4
9903	9904;2.7749997E-5
9918	9919;1.0E-4
9924	9925;1.0E-4
9930	9931;1.0E-4
9939	9940;1.0E-4
9945	9946;1.0E-4
9951	9952;1.0E-4
9966	9967;1.0E-4
9972	9973;1.0E-4
9987	9988;1.0E-4
999	1000;1.0E-4
9993	9994;1.0E-4
