1005	1006;4.779937E-5
1011	1012;1.0E-4
1026	1027;1.0E-4
1032	1033;1.0E-4
1047	1048;1.0E-4
105	106;4.779937E-5
1053	1054;1.0E-4
1068	1069;1.0E-4
1074	1075;1.0E-4
1080	1081;1.0E-4
1089	1090;1.0E-4
1095	1096;1.0E-4
1107	1108;6.228505E-5
111	112;1.0E-4
1113	1114;1.0E-4
1128	1129;1.0E-4
1134	1135;1.0E-4
1140	1141;1.0E-4
1149	1150;1.0E-4
1155	1156;1.0E-4
1161	1162;1.0E-4
1176	1177;1.0E-4
1182	1183;1.0E-4
1197	1198;1.0E-4
1200	0;1.0E-4
1209	1210;7.275095E-5
1215	1216;1.0E-4
1221	1222;1.0E-4
1236	1237;1.0E-4
1242	1243;1.0E-4
1257	1258;1.0E-4
126	127;1.0E-4
1263	1264;1.0E-4
1278	1279;1.0E-4
1284	1285;1.0E-4
1290	1291;1.0E-4
1299	1300;1.0E-4
1302	1303;1.4999998E-5
1317	1318;1.0E-4
132	133;1.0E-4
1323	1324;1.0E-4
1338	1339;1.0E-4
1344	1345;1.0E-4
1350	1351;1.0E-4
1359	1360;1.0E-4
1365	1366;1.0E-4
1371	1372;1.0E-4
1386	1387;1.0E-4
1392	1393;1.0E-4
1404	1405;3.8587496E-5
1410	1411;7.68383E-5
1419	1420;1.0E-4
1425	1426;1.0E-4
1431	1432;1.0E-4
1446	1447;1.0E-4
1452	1453;1.0E-4
1467	1468;1.0E-4
147	148;1.0E-4
1473	1474;1.0E-4
1488	1489;1.0E-4
1494	1495;1.0E-4
15	16;1.0E-4
1506	1507;5.5629465E-5
1512	1513;1.0E-4
1527	1528;1.0E-4
153	154;1.0E-4
1533	1534;1.0E-4
1548	1549;1.0E-4
1554	1555;1.0E-4
1560	1561;1.0E-4
1569	1570;1.0E-4
1575	1576;1.0E-4
1581	1582;1.0E-4
1596	1597;1.0E-4
1608	1609;6.7942296E-5
1614	1615;1.0E-4
1620	1621;1.0E-4
1629	1630;1.0E-4
1635	1636;1.0E-4
1641	1642;1.0E-4
1656	1657;1.0E-4
1662	1663;1.0E-4
1677	1678;1.0E-4
168	169;1.0E-4
1683	1684;1.0E-4
1698	1699;1.0E-4
1701	1702;0.0
1716	1717;1.0E-4
1722	1723;1.0E-4
1737	1738;1.0E-4
174	175;1.0E-4
1743	1744;1.0E-4
1758	1759;1.0E-4
1764	1765;1.0E-4
1770	1771;1.0E-4
1779	1780;1.0E-4
1785	1786;1.0E-4
1791	1792;1.0E-4
180	181;1.0E-4
1803	1804;2.7749997E-5
1818	1819;1.0E-4
1824	1825;1.0E-4
1830	1831;1.0E-4
1839	1840;1.0E-4
1845	1846;1.0E-4
1851	1852;1.0E-4
1866	1867;1.0E-4
1872	1873;1.0E-4
1887	1888;1.0E-4
189	190;1.0E-4
1893	1894;1.0E-4
1905	1906;4.779937E-5
1911	1912;1.0E-4
1926	1927;1.0E-4
1932	1933;1.0E-4
1947	1948;1.0E-4
195	196;1.0E-4
1953	1954;1.0E-4
1968	1969;1.0E-4
1974	1975;1.0E-4
1980	1981;1.0E-4
1989	1990;1.0E-4
1995	1996;1.0E-4
2004	2005;3.8587496E-5
2010	2011;7.68383E-5
2019	2020;1.0E-4
2025	2026;1.0E-4
2031	2032;1.0E-4
2046	2047;1.0E-4
2052	2053;1.0E-4
2067	2068;1.0E-4
207	208;6.228505E-5
2073	2074;1.0E-4
2088	2089;1.0E-4
2094	2095;1.0E-4
21	22;1.0E-4
2106	2107;5.5629465E-5
2112	2113;1.0E-4
2127	2128;1.0E-4
213	214;1.0E-4
2133	2134;1.0E-4
2148	2149;1.0E-4
2154	2155;1.0E-4
2160	2161;1.0E-4
2169	2170;1.0E-4
2175	2176;1.0E-4
2181	2182;1.0E-4
2196	2197;1.0E-4
2208	2209;6.7942296E-5
2214	2215;1.0E-4
2220	2221;1.0E-4
2229	2230;1.0E-4
2235	2236;1.0E-4
2241	2242;1.0E-4
2256	2257;1.0E-4
2262	2263;1.0E-4
2277	2278;1.0E-4
228	229;1.0E-4
2283	2284;1.0E-4
2298	2299;1.0E-4
2301	2302;0.0
2316	2317;1.0E-4
2322	2323;1.0E-4
2337	2338;1.0E-4
234	235;1.0E-4
2343	2344;1.0E-4
2358	2359;1.0E-4
2364	2365;1.0E-4
2370	2371;1.0E-4
2379	2380;1.0E-4
2385	2386;1.0E-4
2391	2392;1.0E-4
240	241;1.0E-4
2403	2404;2.7749997E-5
2418	2419;1.0E-4
2424	2425;1.0E-4
2430	2431;1.0E-4
2439	2440;1.0E-4
2445	2446;1.0E-4
2451	2452;1.0E-4
2466	2467;1.0E-4
2472	2473;1.0E-4
2487	2488;1.0E-4
249	250;1.0E-4
2493	2494;1.0E-4
2505	2506;4.779937E-5
2511	2512;1.0E-4
2526	2527;1.0E-4
2532	2533;1.0E-4
2547	2548;1.0E-4
255	256;1.0E-4
2553	2554;1.0E-4
2568	2569;1.0E-4
2574	2575;1.0E-4
2580	2581;1.0E-4
2589	2590;1.0E-4
2595	2596;1.0E-4
2607	2608;6.228505E-5
261	262;1.0E-4
2613	2614;1.0E-4
2628	2629;1.0E-4
2634	2635;1.0E-4
2640	2641;1.0E-4
2649	2650;1.0E-4
2655	2656;1.0E-4
2661	2662;1.0E-4
2676	2677;1.0E-4
2682	2683;1.0E-4
2697	2698;1.0E-4
2700	0;1.0E-4
2709	2710;7.275095E-5
2715	2716;1.0E-4
2721	2722;1.0E-4
2736	2737;1.0E-4
2742	2743;1.0E-4
2757	2758;1.0E-4
276	277;1.0E-4
2763	2764;1.0E-4
2778	2779;1.0E-4
2784	2785;1.0E-4
2790	2791;1.0E-4
2799	2800;1.0E-4
2802	2803;1.4999998E-5
2817	2818;1.0E-4
282	283;1.0E-4
2823	2824;1.0E-4
2838	2839;1.0E-4
2844	2845;1.0E-4
2850	2851;1.0E-4
2859	2860;1.0E-4
2865	2866;1.0E-4
2871	2872;1.0E-4
2886	2887;1.0E-4
2892	2893;1.0E-4
2904	2905;3.8587496E-5
2910	2911;7.68383E-5
2919	2920;1.0E-4
2925	2926;1.0E-4
2931	2932;1.0E-4
2946	2947;1.0E-4
2952	2953;1.0E-4
2967	2968;1.0E-4
297	298;1.0E-4
2973	2974;1.0E-4
2988	2989;1.0E-4
2994	2995;1.0E-4
300	0;1.0E-4
3003	3004;2.7749997E-5
3018	3019;1.0E-4
3024	3025;1.0E-4
3030	3031;1.0E-4
3039	3040;1.0E-4
3045	3046;1.0E-4
3051	3052;1.0E-4
3066	3067;1.0E-4
3072	3073;1.0E-4
3087	3088;1.0E-4
309	310;7.275095E-5
3093	3094;1.0E-4
3105	3106;4.779937E-5
3111	3112;1.0E-4
3126	3127;1.0E-4
3132	3133;1.0E-4
3147	3148;1.0E-4
315	316;1.0E-4
3153	3154;1.0E-4
3168	3169;1.0E-4
3174	3175;1.0E-4
3180	3181;1.0E-4
3189	3190;1.0E-4
3195	3196;1.0E-4
3207	3208;6.228505E-5
321	322;1.0E-4
3213	3214;1.0E-4
3228	3229;1.0E-4
3234	3235;1.0E-4
3240	3241;1.0E-4
3249	3250;1.0E-4
3255	3256;1.0E-4
3261	3262;1.0E-4
3276	3277;1.0E-4
3282	3283;1.0E-4
3297	3298;1.0E-4
3300	0;1.0E-4
3309	3310;7.275095E-5
3315	3316;1.0E-4
3321	3322;1.0E-4
3336	3337;1.0E-4
3342	3343;1.0E-4
3357	3358;1.0E-4
336	337;1.0E-4
3363	3364;1.0E-4
3378	3379;1.0E-4
3384	3385;1.0E-4
3390	3391;1.0E-4
3399	3400;1.0E-4
3402	3403;1.4999998E-5
3417	3418;1.0E-4
342	343;1.0E-4
3423	3424;1.0E-4
3438	3439;1.0E-4
3444	3445;1.0E-4
3450	3451;1.0E-4
3459	3460;1.0E-4
3465	3466;1.0E-4
3471	3472;1.0E-4
3486	3487;1.0E-4
3492	3493;1.0E-4
3504	3505;3.8587496E-5
3510	3511;7.68383E-5
3519	3520;1.0E-4
3525	3526;1.0E-4
3531	3532;1.0E-4
3546	3547;1.0E-4
3552	3553;1.0E-4
3567	3568;1.0E-4
357	358;1.0E-4
3573	3574;1.0E-4
3588	3589;1.0E-4
3594	3595;1.0E-4
36	37;1.0E-4
3606	3607;5.5629465E-5
3612	3613;1.0E-4
3627	3628;1.0E-4
363	364;1.0E-4
3633	3634;1.0E-4
3648	3649;1.0E-4
3654	3655;1.0E-4
3660	3661;1.0E-4
3669	3670;1.0E-4
3675	3676;1.0E-4
3681	3682;1.0E-4
3696	3697;1.0E-4
3708	3709;6.7942296E-5
3714	3715;1.0E-4
3720	3721;1.0E-4
3729	3730;1.0E-4
3735	3736;1.0E-4
3741	3742;1.0E-4
3756	3757;1.0E-4
3762	3763;1.0E-4
3777	3778;1.0E-4
378	379;1.0E-4
3783	3784;1.0E-4
3798	3799;1.0E-4
3801	3802;0.0
3816	3817;1.0E-4
3822	3823;1.0E-4
3837	3838;1.0E-4
384	385;1.0E-4
3843	3844;1.0E-4
3858	3859;1.0E-4
3864	3865;1.0E-4
3870	3871;1.0E-4
3879	3880;1.0E-4
3885	3886;1.0E-4
3891	3892;1.0E-4
390	391;1.0E-4
3903	3904;2.7749997E-5
3918	3919;1.0E-4
3924	3925;1.0E-4
3930	3931;1.0E-4
3939	3940;1.0E-4
3945	3946;1.0E-4
3951	3952;1.0E-4
3966	3967;1.0E-4
3972	3973;1.0E-4
3987	3988;1.0E-4
399	400;1.0E-4
3993	3994;1.0E-4
4002	4003;1.4999998E-5
4017	4018;1.0E-4
402	403;1.4999998E-5
4023	4024;1.0E-4
4038	4039;1.0E-4
4044	4045;1.0E-4
4050	4051;1.0E-4
4059	4060;1.0E-4
4065	4066;1.0E-4
4071	4072;1.0E-4
4086	4087;1.0E-4
4092	4093;1.0E-4
4104	4105;3.8587496E-5
4110	4111;7.68383E-5
4119	4120;1.0E-4
4125	4126;1.0E-4
4131	4132;1.0E-4
4146	4147;1.0E-4
4152	4153;1.0E-4
4167	4168;1.0E-4
417	418;1.0E-4
4173	4174;1.0E-4
4188	4189;1.0E-4
4194	4195;1.0E-4
42	43;1.0E-4
4206	4207;5.5629465E-5
4212	4213;1.0E-4
4227	4228;1.0E-4
423	424;1.0E-4
4233	4234;1.0E-4
4248	4249;1.0E-4
4254	4255;1.0E-4
4260	4261;1.0E-4
4269	4270;1.0E-4
4275	4276;1.0E-4
4281	4282;1.0E-4
4296	4297;1.0E-4
4308	4309;6.7942296E-5
4314	4315;1.0E-4
4320	4321;1.0E-4
4329	4330;1.0E-4
4335	4336;1.0E-4
4341	4342;1.0E-4
4356	4357;1.0E-4
4362	4363;1.0E-4
4377	4378;1.0E-4
438	439;1.0E-4
4383	4384;1.0E-4
4398	4399;1.0E-4
4401	4402;0.0
4416	4417;1.0E-4
4422	4423;1.0E-4
4437	4438;1.0E-4
444	445;1.0E-4
4443	4444;1.0E-4
4458	4459;1.0E-4
4464	4465;1.0E-4
4470	4471;1.0E-4
4479	4480;1.0E-4
4485	4486;1.0E-4
4491	4492;1.0E-4
450	451;1.0E-4
4503	4504;2.7749997E-5
4518	4519;1.0E-4
4524	4525;1.0E-4
4530	4531;1.0E-4
4539	4540;1.0E-4
4545	4546;1.0E-4
4551	4552;1.0E-4
4566	4567;1.0E-4
4572	4573;1.0E-4
4587	4588;1.0E-4
459	460;1.0E-4
4593	4594;1.0E-4
4605	4606;4.779937E-5
4611	4612;1.0E-4
4626	4627;1.0E-4
4632	4633;1.0E-4
4647	4648;1.0E-4
465	466;1.0E-4
4653	4654;1.0E-4
4668	4669;1.0E-4
4674	4675;1.0E-4
4680	4681;1.0E-4
4689	4690;1.0E-4
4695	4696;1.0E-4
4707	4708;6.228505E-5
471	472;1.0E-4
4713	4714;1.0E-4
4728	4729;1.0E-4
4734	4735;1.0E-4
4740	4741;1.0E-4
4749	4750;1.0E-4
4755	4756;1.0E-4
4761	4762;1.0E-4
4776	4777;1.0E-4
4782	4783;1.0E-4
4797	4798;1.0E-4
4800	0;1.0E-4
4809	4810;7.275095E-5
4815	4816;1.0E-4
4821	4822;1.0E-4
4836	4837;1.0E-4
4842	4843;1.0E-4
4857	4858;1.0E-4
486	487;1.0E-4
4863	4864;1.0E-4
4878	4879;1.0E-4
4884	4885;1.0E-4
4890	4891;1.0E-4
4899	4900;1.0E-4
4902	4903;1.4999998E-5
4917	4918;1.0E-4
492	493;1.0E-4
4923	4924;1.0E-4
4938	4939;1.0E-4
4944	4945;1.0E-4
4950	4951;1.0E-4
4959	4960;1.0E-4
4965	4966;1.0E-4
4971	4972;1.0E-4
4986	4987;1.0E-4
4992	4993;1.0E-4
5001	5002;0.0
5016	5017;1.0E-4
5022	5023;1.0E-4
5037	5038;1.0E-4
504	505;3.8587496E-5
5043	5044;1.0E-4
5058	5059;1.0E-4
5064	5065;1.0E-4
5070	5071;1.0E-4
5079	5080;1.0E-4
5085	5086;1.0E-4
5091	5092;1.0E-4
510	511;7.68383E-5
5103	5104;2.7749997E-5
5118	5119;1.0E-4
5124	5125;1.0E-4
5130	5131;1.0E-4
5139	5140;1.0E-4
5145	5146;1.0E-4
5151	5152;1.0E-4
5166	5167;1.0E-4
5172	5173;1.0E-4
5187	5188;1.0E-4
519	520;1.0E-4
5193	5194;1.0E-4
5205	5206;4.779937E-5
5211	5212;1.0E-4
5226	5227;1.0E-4
5232	5233;1.0E-4
5247	5248;1.0E-4
525	526;1.0E-4
5253	5254;1.0E-4
5268	5269;1.0E-4
5274	5275;1.0E-4
5280	5281;1.0E-4
5289	5290;1.0E-4
5295	5296;1.0E-4
5307	5308;6.228505E-5
531	532;1.0E-4
5313	5314;1.0E-4
5328	5329;1.0E-4
5334	5335;1.0E-4
5340	5341;1.0E-4
5349	5350;1.0E-4
5355	5356;1.0E-4
5361	5362;1.0E-4
5376	5377;1.0E-4
5382	5383;1.0E-4
5397	5398;1.0E-4
5400	0;1.0E-4
5409	5410;7.275095E-5
5415	5416;1.0E-4
5421	5422;1.0E-4
5436	5437;1.0E-4
5442	5443;1.0E-4
5457	5458;1.0E-4
546	547;1.0E-4
5463	5464;1.0E-4
5478	5479;1.0E-4
5484	5485;1.0E-4
5490	5491;1.0E-4
5499	5500;1.0E-4
5502	5503;1.4999998E-5
5517	5518;1.0E-4
552	553;1.0E-4
5523	5524;1.0E-4
5538	5539;1.0E-4
5544	5545;1.0E-4
5550	5551;1.0E-4
5559	5560;1.0E-4
5565	5566;1.0E-4
5571	5572;1.0E-4
5586	5587;1.0E-4
5592	5593;1.0E-4
5604	5605;3.8587496E-5
5610	5611;7.68383E-5
5619	5620;1.0E-4
5625	5626;1.0E-4
5631	5632;1.0E-4
5646	5647;1.0E-4
5652	5653;1.0E-4
5667	5668;1.0E-4
567	568;1.0E-4
5673	5674;1.0E-4
5688	5689;1.0E-4
5694	5695;1.0E-4
57	58;1.0E-4
5706	5707;5.5629465E-5
5712	5713;1.0E-4
5727	5728;1.0E-4
573	574;1.0E-4
5733	5734;1.0E-4
5748	5749;1.0E-4
5754	5755;1.0E-4
5760	5761;1.0E-4
5769	5770;1.0E-4
5775	5776;1.0E-4
5781	5782;1.0E-4
5796	5797;1.0E-4
5808	5809;6.7942296E-5
5814	5815;1.0E-4
5820	5821;1.0E-4
5829	5830;1.0E-4
5835	5836;1.0E-4
5841	5842;1.0E-4
5856	5857;1.0E-4
5862	5863;1.0E-4
5877	5878;1.0E-4
588	589;1.0E-4
5883	5884;1.0E-4
5898	5899;1.0E-4
5901	5902;0.0
5916	5917;1.0E-4
5922	5923;1.0E-4
5937	5938;1.0E-4
594	595;1.0E-4
5943	5944;1.0E-4
5958	5959;1.0E-4
5964	5965;1.0E-4
5970	5971;1.0E-4
5979	5980;1.0E-4
5985	5986;1.0E-4
5991	5992;1.0E-4
6	7;5.5629465E-5
6000	0;1.0E-4
6009	6010;7.275095E-5
6015	6016;1.0E-4
6021	6022;1.0E-4
6036	6037;1.0E-4
6042	6043;1.0E-4
6057	6058;1.0E-4
606	607;5.5629465E-5
6063	6064;1.0E-4
6078	6079;1.0E-4
6084	6085;1.0E-4
6090	6091;1.0E-4
6099	6100;1.0E-4
6102	6103;1.4999998E-5
6117	6118;1.0E-4
612	613;1.0E-4
6123	6124;1.0E-4
6138	6139;1.0E-4
6144	6145;1.0E-4
6150	6151;1.0E-4
6159	6160;1.0E-4
6165	6166;1.0E-4
6171	6172;1.0E-4
6186	6187;1.0E-4
6192	6193;1.0E-4
6204	6205;3.8587496E-5
6210	6211;7.68383E-5
6219	6220;1.0E-4
6225	6226;1.0E-4
6231	6232;1.0E-4
6246	6247;1.0E-4
6252	6253;1.0E-4
6267	6268;1.0E-4
627	628;1.0E-4
6273	6274;1.0E-4
6288	6289;1.0E-4
6294	6295;1.0E-4
63	64;1.0E-4
6306	6307;5.5629465E-5
6312	6313;1.0E-4
6327	6328;1.0E-4
633	634;1.0E-4
6333	6334;1.0E-4
6348	6349;1.0E-4
6354	6355;1.0E-4
6360	6361;1.0E-4
6369	6370;1.0E-4
6375	6376;1.0E-4
6381	6382;1.0E-4
6396	6397;1.0E-4
6408	6409;6.7942296E-5
6414	6415;1.0E-4
6420	6421;1.0E-4
6429	6430;1.0E-4
6435	6436;1.0E-4
6441	6442;1.0E-4
6456	6457;1.0E-4
6462	6463;1.0E-4
6477	6478;1.0E-4
648	649;1.0E-4
6483	6484;1.0E-4
6498	6499;1.0E-4
6501	6502;0.0
6516	6517;1.0E-4
6522	6523;1.0E-4
6537	6538;1.0E-4
654	655;1.0E-4
6543	6544;1.0E-4
6558	6559;1.0E-4
6564	6565;1.0E-4
6570	6571;1.0E-4
6579	6580;1.0E-4
6585	6586;1.0E-4
6591	6592;1.0E-4
660	661;1.0E-4
6603	6604;2.7749997E-5
6618	6619;1.0E-4
6624	6625;1.0E-4
6630	6631;1.0E-4
6639	6640;1.0E-4
6645	6646;1.0E-4
6651	6652;1.0E-4
6666	6667;1.0E-4
6672	6673;1.0E-4
6687	6688;1.0E-4
669	670;1.0E-4
6693	6694;1.0E-4
6705	6706;4.779937E-5
6711	6712;1.0E-4
6726	6727;1.0E-4
6732	6733;1.0E-4
6747	6748;1.0E-4
675	676;1.0E-4
6753	6754;1.0E-4
6768	6769;1.0E-4
6774	6775;1.0E-4
6780	6781;1.0E-4
6789	6790;1.0E-4
6795	6796;1.0E-4
6807	6808;6.228505E-5
681	682;1.0E-4
6813	6814;1.0E-4
6828	6829;1.0E-4
6834	6835;1.0E-4
6840	6841;1.0E-4
6849	6850;1.0E-4
6855	6856;1.0E-4
6861	6862;1.0E-4
6876	6877;1.0E-4
6882	6883;1.0E-4
6897	6898;1.0E-4
6900	0;1.0E-4
6909	6910;7.275095E-5
6915	6916;1.0E-4
6921	6922;1.0E-4
6936	6937;1.0E-4
6942	6943;1.0E-4
6957	6958;1.0E-4
696	697;1.0E-4
6963	6964;1.0E-4
6978	6979;1.0E-4
6984	6985;1.0E-4
6990	6991;1.0E-4
6999	7000;1.0E-4
7008	7009;6.7942296E-5
7014	7015;1.0E-4
7020	7021;1.0E-4
7029	7030;1.0E-4
7035	7036;1.0E-4
7041	7042;1.0E-4
7056	7057;1.0E-4
7062	7063;1.0E-4
7077	7078;1.0E-4
708	709;6.7942296E-5
7083	7084;1.0E-4
7098	7099;1.0E-4
7101	7102;0.0
7116	7117;1.0E-4
7122	7123;1.0E-4
7137	7138;1.0E-4
714	715;1.0E-4
7143	7144;1.0E-4
7158	7159;1.0E-4
7164	7165;1.0E-4
7170	7171;1.0E-4
7179	7180;1.0E-4
7185	7186;1.0E-4
7191	7192;1.0E-4
720	721;1.0E-4
7203	7204;2.7749997E-5
7218	7219;1.0E-4
7224	7225;1.0E-4
7230	7231;1.0E-4
7239	7240;1.0E-4
7245	7246;1.0E-4
7251	7252;1.0E-4
7266	7267;1.0E-4
7272	7273;1.0E-4
7287	7288;1.0E-4
729	730;1.0E-4
7293	7294;1.0E-4
7305	7306;4.779937E-5
7311	7312;1.0E-4
7326	7327;1.0E-4
7332	7333;1.0E-4
7347	7348;1.0E-4
735	736;1.0E-4
7353	7354;1.0E-4
7368	7369;1.0E-4
7374	7375;1.0E-4
7380	7381;1.0E-4
7389	7390;1.0E-4
7395	7396;1.0E-4
7407	7408;6.228505E-5
741	742;1.0E-4
7413	7414;1.0E-4
7428	7429;1.0E-4
7434	7435;1.0E-4
7440	7441;1.0E-4
7449	7450;1.0E-4
7455	7456;1.0E-4
7461	7462;1.0E-4
7476	7477;1.0E-4
7482	7483;1.0E-4
7497	7498;1.0E-4
7500	0;1.0E-4
7509	7510;7.275095E-5
7515	7516;1.0E-4
7521	7522;1.0E-4
7536	7537;1.0E-4
7542	7543;1.0E-4
7557	7558;1.0E-4
756	757;1.0E-4
7563	7564;1.0E-4
7578	7579;1.0E-4
7584	7585;1.0E-4
7590	7591;1.0E-4
7599	7600;1.0E-4
7602	7603;1.4999998E-5
7617	7618;1.0E-4
762	763;1.0E-4
7623	7624;1.0E-4
7638	7639;1.0E-4
7644	7645;1.0E-4
7650	7651;1.0E-4
7659	7660;1.0E-4
7665	7666;1.0E-4
7671	7672;1.0E-4
7686	7687;1.0E-4
7692	7693;1.0E-4
7704	7705;3.8587496E-5
7710	7711;7.68383E-5
7719	7720;1.0E-4
7725	7726;1.0E-4
7731	7732;1.0E-4
7746	7747;1.0E-4
7752	7753;1.0E-4
7767	7768;1.0E-4
777	778;1.0E-4
7773	7774;1.0E-4
7788	7789;1.0E-4
7794	7795;1.0E-4
78	79;1.0E-4
7806	7807;5.5629465E-5
7812	7813;1.0E-4
7827	7828;1.0E-4
783	784;1.0E-4
7833	7834;1.0E-4
7848	7849;1.0E-4
7854	7855;1.0E-4
7860	7861;1.0E-4
7869	7870;1.0E-4
7875	7876;1.0E-4
7881	7882;1.0E-4
7896	7897;1.0E-4
7908	7909;6.7942296E-5
7914	7915;1.0E-4
7920	7921;1.0E-4
7929	7930;1.0E-4
7935	7936;1.0E-4
7941	7942;1.0E-4
7956	7957;1.0E-4
7962	7963;1.0E-4
7977	7978;1.0E-4
798	799;1.0E-4
7983	7984;1.0E-4
7998	7999;1.0E-4
8007	8008;6.228505E-5
801	802;0.0
8013	8014;1.0E-4
8028	8029;1.0E-4
8034	8035;1.0E-4
8040	8041;1.0E-4
8049	8050;1.0E-4
8055	8056;1.0E-4
8061	8062;1.0E-4
8076	8077;1.0E-4
8082	8083;1.0E-4
8097	8098;1.0E-4
8100	0;1.0E-4
8109	8110;7.275095E-5
8115	8116;1.0E-4
8121	8122;1.0E-4
8136	8137;1.0E-4
8142	8143;1.0E-4
8157	8158;1.0E-4
816	817;1.0E-4
8163	8164;1.0E-4
8178	8179;1.0E-4
8184	8185;1.0E-4
8190	8191;1.0E-4
8199	8200;1.0E-4
8202	8203;1.4999998E-5
8217	8218;1.0E-4
822	823;1.0E-4
8223	8224;1.0E-4
8238	8239;1.0E-4
8244	8245;1.0E-4
8250	8251;1.0E-4
8259	8260;1.0E-4
8265	8266;1.0E-4
8271	8272;1.0E-4
8286	8287;1.0E-4
8292	8293;1.0E-4
8304	8305;3.8587496E-5
8310	8311;7.68383E-5
8319	8320;1.0E-4
8325	8326;1.0E-4
8331	8332;1.0E-4
8346	8347;1.0E-4
8352	8353;1.0E-4
8367	8368;1.0E-4
837	838;1.0E-4
8373	8374;1.0E-4
8388	8389;1.0E-4
8394	8395;1.0E-4
84	85;1.0E-4
8406	8407;5.5629465E-5
8412	8413;1.0E-4
8427	8428;1.0E-4
843	844;1.0E-4
8433	8434;1.0E-4
8448	8449;1.0E-4
8454	8455;1.0E-4
8460	8461;1.0E-4
8469	8470;1.0E-4
8475	8476;1.0E-4
8481	8482;1.0E-4
8496	8497;1.0E-4
8508	8509;6.7942296E-5
8514	8515;1.0E-4
8520	8521;1.0E-4
8529	8530;1.0E-4
8535	8536;1.0E-4
8541	8542;1.0E-4
8556	8557;1.0E-4
8562	8563;1.0E-4
8577	8578;1.0E-4
858	859;1.0E-4
8583	8584;1.0E-4
8598	8599;1.0E-4
8601	8602;0.0
8616	8617;1.0E-4
8622	8623;1.0E-4
8637	8638;1.0E-4
864	865;1.0E-4
8643	8644;1.0E-4
8658	8659;1.0E-4
8664	8665;1.0E-4
8670	8671;1.0E-4
8679	8680;1.0E-4
8685	8686;1.0E-4
8691	8692;1.0E-4
870	871;1.0E-4
8703	8704;2.7749997E-5
8718	8719;1.0E-4
8724	8725;1.0E-4
8730	8731;1.0E-4
8739	8740;1.0E-4
8745	8746;1.0E-4
8751	8752;1.0E-4
8766	8767;1.0E-4
8772	8773;1.0E-4
8787	8788;1.0E-4
879	880;1.0E-4
8793	8794;1.0E-4
8805	8806;4.779937E-5
8811	8812;1.0E-4
8826	8827;1.0E-4
8832	8833;1.0E-4
8847	8848;1.0E-4
885	886;1.0E-4
8853	8854;1.0E-4
8868	8869;1.0E-4
8874	8875;1.0E-4
8880	8881;1.0E-4
8889	8890;1.0E-4
8895	8896;1.0E-4
8907	8908;6.228505E-5
891	892;1.0E-4
8913	8914;1.0E-4
8928	8929;1.0E-4
8934	8935;1.0E-4
8940	8941;1.0E-4
8949	8950;1.0E-4
8955	8956;1.0E-4
8961	8962;1.0E-4
8976	8977;1.0E-4
8982	8983;1.0E-4
8997	8998;1.0E-4
90	91;1.0E-4
9006	9007;5.5629465E-5
9012	9013;1.0E-4
9027	9028;1.0E-4
903	904;2.7749997E-5
9033	9034;1.0E-4
9048	9049;1.0E-4
9054	9055;1.0E-4
9060	9061;1.0E-4
9069	9070;1.0E-4
9075	9076;1.0E-4
9081	9082;1.0E-4
9096	9097;1.0E-4
9108	9109;6.7942296E-5
9114	9115;1.0E-4
9120	9121;1.0E-4
9129	9130;1.0E-4
9135	9136;1.0E-4
9141	9142;1.0E-4
9156	9157;1.0E-4
9162	9163;1.0E-4
9177	9178;1.0E-4
918	919;1.0E-4
9183	9184;1.0E-4
9198	9199;1.0E-4
9201	9202;0.0
9216	9217;1.0E-4
9222	9223;1.0E-4
9237	9238;1.0E-4
924	925;1.0E-4
9243	9244;1.0E-4
9258	9259;1.0E-4
9264	9265;1.0E-4
9270	9271;1.0E-4
9279	9280;1.0E-4
9285	9286;1.0E-4
9291	9292;1.0E-4
930	931;1.0E-4
9303	9304;2.7749997E-5
9318	9319;1.0E-4
9324	9325;1.0E-4
9330	9331;1.0E-4
9339	9340;1.0E-4
9345	9346;1.0E-4
9351	9352;1.0E-4
9366	9367;1.0E-4
9372	9373;1.0E-4
9387	9388;1.0E-4
939	940;1.0E-4
9393	9394;1.0E-4
9405	9406;4.779937E-5
9411	9412;1.0E-4
9426	9427;1.0E-4
9432	9433;1.0E-4
9447	9448;1.0E-4
945	946;1.0E-4
9453	9454;1.0E-4
9468	9469;1.0E-4
9474	9475;1.0E-4
9480	9481;1.0E-4
9489	9490;1.0E-4
9495	9496;1.0E-4
9507	9508;6.228505E-5
951	952;1.0E-4
9513	9514;1.0E-4
9528	9529;1.0E-4
9534	9535;1.0E-4
9540	9541;1.0E-4
9549	9550;1.0E-4
9555	9556;1.0E-4
9561	9562;1.0E-4
9576	9577;1.0E-4
9582	9583;1.0E-4
9597	9598;1.0E-4
9600	0;1.0E-4
9609	9610;7.275095E-5
9615	9616;1.0E-4
9621	9622;1.0E-4
9636	9637;1.0E-4
9642	9643;1.0E-4
9657	9658;1.0E-4
966	967;1.0E-4
9663	9664;1.0E-4
9678	9679;1.0E-4
9684	9685;1.0E-4
9690	9691;1.0E-4
9699	9700;1.0E-4
9702	9703;1.4999998E-5
9717	9718;1.0E-4
972	973;1.0E-4
9723	9724;1.0E-4
9738	9739;1.0E-4
9744	9745;1.0E-4
9750	9751;1.0E-4
9759	9760;1.0E-4
9765	9766;1.0E-4
9771	9772;1.0E-4
9786	9787;1.0E-4
9792	9793;1.0E-4
9804	9805;3.8587496E-5
9810	9811;7.68383E-5
9819	9820;1.0E-4
9825	9826;1.0E-4
9831	9832;1.0E-4
9846	9847;1.0E-4
9852	9853;1.0E-4
9867	9868;1.0E-4
987	988;1.0E-4
9873	9874;1.0E-4
9888	9889;1.0E-4
9894	9895;1.0E-4
99	100;1.0E-4
9906	9907;5.5629465E-5
9912	9913;1.0E-4
9927	9928;1.0E-4
993	994;1.0E-4
9933	9934;1.0E-4
9948	9949;1.0E-4
9954	9955;1.0E-4
9960	9961;1.0E-4
9969	9970;1.0E-4
9975	9976;1.0E-4
9981	9982;1.0E-4
9996	9997;1.0E-4
