1008	1009;6.7942296E-5
1014	1015;1.0E-4
1020	1021;1.0E-4
1029	1030;1.0E-4
1035	1036;1.0E-4
1041	1042;1.0E-4
1056	1057;1.0E-4
1062	1063;1.0E-4
1077	1078;1.0E-4
108	109;6.7942296E-5
1083	1084;1.0E-4
1098	1099;1.0E-4
1101	1102;0.0
1116	1117;1.0E-4
1122	1123;1.0E-4
1137	1138;1.0E-4
114	115;1.0E-4
1143	1144;1.0E-4
1158	1159;1.0E-4
1164	1165;1.0E-4
1170	1171;1.0E-4
1179	1180;1.0E-4
1185	1186;1.0E-4
1191	1192;1.0E-4
120	121;1.0E-4
1203	1204;2.7749997E-5
1218	1219;1.0E-4
1224	1225;1.0E-4
1230	1231;1.0E-4
1239	1240;1.0E-4
1245	1246;1.0E-4
1251	1252;1.0E-4
1266	1267;1.0E-4
1272	1273;1.0E-4
1287	1288;1.0E-4
129	130;1.0E-4
1293	1294;1.0E-4
1305	1306;4.779937E-5
1311	1312;1.0E-4
1326	1327;1.0E-4
1332	1333;1.0E-4
1347	1348;1.0E-4
135	136;1.0E-4
1353	1354;1.0E-4
1368	1369;1.0E-4
1374	1375;1.0E-4
1380	1381;1.0E-4
1389	1390;1.0E-4
1395	1396;1.0E-4
1407	1408;6.228505E-5
141	142;1.0E-4
1413	1414;1.0E-4
1428	1429;1.0E-4
1434	1435;1.0E-4
1440	1441;1.0E-4
1449	1450;1.0E-4
1455	1456;1.0E-4
1461	1462;1.0E-4
1476	1477;1.0E-4
1482	1483;1.0E-4
1497	1498;1.0E-4
1500	0;1.0E-4
1509	1510;7.275095E-5
1515	1516;1.0E-4
1521	1522;1.0E-4
1536	1537;1.0E-4
1542	1543;1.0E-4
1557	1558;1.0E-4
156	157;1.0E-4
1563	1564;1.0E-4
1578	1579;1.0E-4
1584	1585;1.0E-4
1590	1591;1.0E-4
1599	1600;1.0E-4
1602	1603;1.4999998E-5
1617	1618;1.0E-4
162	163;1.0E-4
1623	1624;1.0E-4
1638	1639;1.0E-4
1644	1645;1.0E-4
1650	1651;1.0E-4
1659	1660;1.0E-4
1665	1666;1.0E-4
1671	1672;1.0E-4
1686	1687;1.0E-4
1692	1693;1.0E-4
1704	1705;3.8587496E-5
1710	1711;7.68383E-5
1719	1720;1.0E-4
1725	1726;1.0E-4
1731	1732;1.0E-4
1746	1747;1.0E-4
1752	1753;1.0E-4
1767	1768;1.0E-4
177	178;1.0E-4
1773	1774;1.0E-4
1788	1789;1.0E-4
1794	1795;1.0E-4
18	19;1.0E-4
1806	1807;5.5629465E-5
1812	1813;1.0E-4
1827	1828;1.0E-4
183	184;1.0E-4
1833	1834;1.0E-4
1848	1849;1.0E-4
1854	1855;1.0E-4
1860	1861;1.0E-4
1869	1870;1.0E-4
1875	1876;1.0E-4
1881	1882;1.0E-4
1896	1897;1.0E-4
1908	1909;6.7942296E-5
1914	1915;1.0E-4
1920	1921;1.0E-4
1929	1930;1.0E-4
1935	1936;1.0E-4
1941	1942;1.0E-4
1956	1957;1.0E-4
1962	1963;1.0E-4
1977	1978;1.0E-4
198	199;1.0E-4
1983	1984;1.0E-4
1998	1999;1.0E-4
2007	2008;6.228505E-5
201	202;0.0
2013	2014;1.0E-4
2028	2029;1.0E-4
2034	2035;1.0E-4
2040	2041;1.0E-4
2049	2050;1.0E-4
2055	2056;1.0E-4
2061	2062;1.0E-4
2076	2077;1.0E-4
2082	2083;1.0E-4
2097	2098;1.0E-4
2100	0;1.0E-4
2109	2110;7.275095E-5
2115	2116;1.0E-4
2121	2122;1.0E-4
2136	2137;1.0E-4
2142	2143;1.0E-4
2157	2158;1.0E-4
216	217;1.0E-4
2163	2164;1.0E-4
2178	2179;1.0E-4
2184	2185;1.0E-4
2190	2191;1.0E-4
2199	2200;1.0E-4
2202	2203;1.4999998E-5
2217	2218;1.0E-4
222	223;1.0E-4
2223	2224;1.0E-4
2238	2239;1.0E-4
2244	2245;1.0E-4
2250	2251;1.0E-4
2259	2260;1.0E-4
2265	2266;1.0E-4
2271	2272;1.0E-4
2286	2287;1.0E-4
2292	2293;1.0E-4
2304	2305;3.8587496E-5
2310	2311;7.68383E-5
2319	2320;1.0E-4
2325	2326;1.0E-4
2331	2332;1.0E-4
2346	2347;1.0E-4
2352	2353;1.0E-4
2367	2368;1.0E-4
237	238;1.0E-4
2373	2374;1.0E-4
2388	2389;1.0E-4
2394	2395;1.0E-4
24	25;1.0E-4
2406	2407;5.5629465E-5
2412	2413;1.0E-4
2427	2428;1.0E-4
243	244;1.0E-4
2433	2434;1.0E-4
2448	2449;1.0E-4
2454	2455;1.0E-4
2460	2461;1.0E-4
2469	2470;1.0E-4
2475	2476;1.0E-4
2481	2482;1.0E-4
2496	2497;1.0E-4
2508	2509;6.7942296E-5
2514	2515;1.0E-4
2520	2521;1.0E-4
2529	2530;1.0E-4
2535	2536;1.0E-4
2541	2542;1.0E-4
2556	2557;1.0E-4
2562	2563;1.0E-4
2577	2578;1.0E-4
258	259;1.0E-4
2583	2584;1.0E-4
2598	2599;1.0E-4
2601	2602;0.0
2616	2617;1.0E-4
2622	2623;1.0E-4
2637	2638;1.0E-4
264	265;1.0E-4
2643	2644;1.0E-4
2658	2659;1.0E-4
2664	2665;1.0E-4
2670	2671;1.0E-4
2679	2680;1.0E-4
2685	2686;1.0E-4
2691	2692;1.0E-4
270	271;1.0E-4
2703	2704;2.7749997E-5
2718	2719;1.0E-4
2724	2725;1.0E-4
2730	2731;1.0E-4
2739	2740;1.0E-4
2745	2746;1.0E-4
2751	2752;1.0E-4
2766	2767;1.0E-4
2772	2773;1.0E-4
2787	2788;1.0E-4
279	280;1.0E-4
2793	2794;1.0E-4
2805	2806;4.779937E-5
2811	2812;1.0E-4
2826	2827;1.0E-4
2832	2833;1.0E-4
2847	2848;1.0E-4
285	286;1.0E-4
2853	2854;1.0E-4
2868	2869;1.0E-4
2874	2875;1.0E-4
2880	2881;1.0E-4
2889	2890;1.0E-4
2895	2896;1.0E-4
2907	2908;6.228505E-5
291	292;1.0E-4
2913	2914;1.0E-4
2928	2929;1.0E-4
2934	2935;1.0E-4
2940	2941;1.0E-4
2949	2950;1.0E-4
2955	2956;1.0E-4
2961	2962;1.0E-4
2976	2977;1.0E-4
2982	2983;1.0E-4
2997	2998;1.0E-4
30	31;1.0E-4
3006	3007;5.5629465E-5
3012	3013;1.0E-4
3027	3028;1.0E-4
303	304;2.7749997E-5
3033	3034;1.0E-4
3048	3049;1.0E-4
3054	3055;1.0E-4
3060	3061;1.0E-4
3069	3070;1.0E-4
3075	3076;1.0E-4
3081	3082;1.0E-4
3096	3097;1.0E-4
3108	3109;6.7942296E-5
3114	3115;1.0E-4
3120	3121;1.0E-4
3129	3130;1.0E-4
3135	3136;1.0E-4
3141	3142;1.0E-4
3156	3157;1.0E-4
3162	3163;1.0E-4
3177	3178;1.0E-4
318	319;1.0E-4
3183	3184;1.0E-4
3198	3199;1.0E-4
3201	3202;0.0
3216	3217;1.0E-4
3222	3223;1.0E-4
3237	3238;1.0E-4
324	325;1.0E-4
3243	3244;1.0E-4
3258	3259;1.0E-4
3264	3265;1.0E-4
3270	3271;1.0E-4
3279	3280;1.0E-4
3285	3286;1.0E-4
3291	3292;1.0E-4
330	331;1.0E-4
3303	3304;2.7749997E-5
3318	3319;1.0E-4
3324	3325;1.0E-4
3330	3331;1.0E-4
3339	3340;1.0E-4
3345	3346;1.0E-4
3351	3352;1.0E-4
3366	3367;1.0E-4
3372	3373;1.0E-4
3387	3388;1.0E-4
339	340;1.0E-4
3393	3394;1.0E-4
3405	3406;4.779937E-5
3411	3412;1.0E-4
3426	3427;1.0E-4
3432	3433;1.0E-4
3447	3448;1.0E-4
345	346;1.0E-4
3453	3454;1.0E-4
3468	3469;1.0E-4
3474	3475;1.0E-4
3480	3481;1.0E-4
3489	3490;1.0E-4
3495	3496;1.0E-4
3507	3508;6.228505E-5
351	352;1.0E-4
3513	3514;1.0E-4
3528	3529;1.0E-4
3534	3535;1.0E-4
3540	3541;1.0E-4
3549	3550;1.0E-4
3555	3556;1.0E-4
3561	3562;1.0E-4
3576	3577;1.0E-4
3582	3583;1.0E-4
3597	3598;1.0E-4
3600	0;1.0E-4
3609	3610;7.275095E-5
3615	3616;1.0E-4
3621	3622;1.0E-4
3636	3637;1.0E-4
3642	3643;1.0E-4
3657	3658;1.0E-4
366	367;1.0E-4
3663	3664;1.0E-4
3678	3679;1.0E-4
3684	3685;1.0E-4
3690	3691;1.0E-4
3699	3700;1.0E-4
3702	3703;1.4999998E-5
3717	3718;1.0E-4
372	373;1.0E-4
3723	3724;1.0E-4
3738	3739;1.0E-4
3744	3745;1.0E-4
3750	3751;1.0E-4
3759	3760;1.0E-4
3765	3766;1.0E-4
3771	3772;1.0E-4
3786	3787;1.0E-4
3792	3793;1.0E-4
3804	3805;3.8587496E-5
3810	3811;7.68383E-5
3819	3820;1.0E-4
3825	3826;1.0E-4
3831	3832;1.0E-4
3846	3847;1.0E-4
3852	3853;1.0E-4
3867	3868;1.0E-4
387	388;1.0E-4
3873	3874;1.0E-4
3888	3889;1.0E-4
3894	3895;1.0E-4
39	40;1.0E-4
3906	3907;5.5629465E-5
3912	3913;1.0E-4
3927	3928;1.0E-4
393	394;1.0E-4
3933	3934;1.0E-4
3948	3949;1.0E-4
3954	3955;1.0E-4
3960	3961;1.0E-4
3969	3970;1.0E-4
3975	3976;1.0E-4
3981	3982;1.0E-4
3996	3997;1.0E-4
4005	4006;4.779937E-5
4011	4012;1.0E-4
4026	4027;1.0E-4
4032	4033;1.0E-4
4047	4048;1.0E-4
405	406;4.779937E-5
4053	4054;1.0E-4
4068	4069;1.0E-4
4074	4075;1.0E-4
4080	4081;1.0E-4
4089	4090;1.0E-4
4095	4096;1.0E-4
4107	4108;6.228505E-5
411	412;1.0E-4
4113	4114;1.0E-4
4128	4129;1.0E-4
4134	4135;1.0E-4
4140	4141;1.0E-4
4149	4150;1.0E-4
4155	4156;1.0E-4
4161	4162;1.0E-4
4176	4177;1.0E-4
4182	4183;1.0E-4
4197	4198;1.0E-4
4200	0;1.0E-4
4209	4210;7.275095E-5
4215	4216;1.0E-4
4221	4222;1.0E-4
4236	4237;1.0E-4
4242	4243;1.0E-4
4257	4258;1.0E-4
426	427;1.0E-4
4263	4264;1.0E-4
4278	4279;1.0E-4
4284	4285;1.0E-4
4290	4291;1.0E-4
4299	4300;1.0E-4
4302	4303;1.4999998E-5
4317	4318;1.0E-4
432	433;1.0E-4
4323	4324;1.0E-4
4338	4339;1.0E-4
4344	4345;1.0E-4
4350	4351;1.0E-4
4359	4360;1.0E-4
4365	4366;1.0E-4
4371	4372;1.0E-4
4386	4387;1.0E-4
4392	4393;1.0E-4
4404	4405;3.8587496E-5
4410	4411;7.68383E-5
4419	4420;1.0E-4
4425	4426;1.0E-4
4431	4432;1.0E-4
4446	4447;1.0E-4
4452	4453;1.0E-4
4467	4468;1.0E-4
447	448;1.0E-4
4473	4474;1.0E-4
4488	4489;1.0E-4
4494	4495;1.0E-4
45	46;1.0E-4
4506	4507;5.5629465E-5
4512	4513;1.0E-4
4527	4528;1.0E-4
453	454;1.0E-4
4533	4534;1.0E-4
4548	4549;1.0E-4
4554	4555;1.0E-4
4560	4561;1.0E-4
4569	4570;1.0E-4
4575	4576;1.0E-4
4581	4582;1.0E-4
4596	4597;1.0E-4
4608	4609;6.7942296E-5
4614	4615;1.0E-4
4620	4621;1.0E-4
4629	4630;1.0E-4
4635	4636;1.0E-4
4641	4642;1.0E-4
4656	4657;1.0E-4
4662	4663;1.0E-4
4677	4678;1.0E-4
468	469;1.0E-4
4683	4684;1.0E-4
4698	4699;1.0E-4
4701	4702;0.0
4716	4717;1.0E-4
4722	4723;1.0E-4
4737	4738;1.0E-4
474	475;1.0E-4
4743	4744;1.0E-4
4758	4759;1.0E-4
4764	4765;1.0E-4
4770	4771;1.0E-4
4779	4780;1.0E-4
4785	4786;1.0E-4
4791	4792;1.0E-4
480	481;1.0E-4
4803	4804;2.7749997E-5
4818	4819;1.0E-4
4824	4825;1.0E-4
4830	4831;1.0E-4
4839	4840;1.0E-4
4845	4846;1.0E-4
4851	4852;1.0E-4
4866	4867;1.0E-4
4872	4873;1.0E-4
4887	4888;1.0E-4
489	490;1.0E-4
4893	4894;1.0E-4
4905	4906;4.779937E-5
4911	4912;1.0E-4
4926	4927;1.0E-4
4932	4933;1.0E-4
4947	4948;1.0E-4
495	496;1.0E-4
4953	4954;1.0E-4
4968	4969;1.0E-4
4974	4975;1.0E-4
4980	4981;1.0E-4
4989	4990;1.0E-4
4995	4996;1.0E-4
5004	5005;3.8587496E-5
5010	5011;7.68383E-5
5019	5020;1.0E-4
5025	5026;1.0E-4
5031	5032;1.0E-4
5046	5047;1.0E-4
5052	5053;1.0E-4
5067	5068;1.0E-4
507	508;6.228505E-5
5073	5074;1.0E-4
5088	5089;1.0E-4
5094	5095;1.0E-4
51	52;1.0E-4
5106	5107;5.5629465E-5
5112	5113;1.0E-4
5127	5128;1.0E-4
513	514;1.0E-4
5133	5134;1.0E-4
5148	5149;1.0E-4
5154	5155;1.0E-4
5160	5161;1.0E-4
5169	5170;1.0E-4
5175	5176;1.0E-4
5181	5182;1.0E-4
5196	5197;1.0E-4
5208	5209;6.7942296E-5
5214	5215;1.0E-4
5220	5221;1.0E-4
5229	5230;1.0E-4
5235	5236;1.0E-4
5241	5242;1.0E-4
5256	5257;1.0E-4
5262	5263;1.0E-4
5277	5278;1.0E-4
528	529;1.0E-4
5283	5284;1.0E-4
5298	5299;1.0E-4
5301	5302;0.0
5316	5317;1.0E-4
5322	5323;1.0E-4
5337	5338;1.0E-4
534	535;1.0E-4
5343	5344;1.0E-4
5358	5359;1.0E-4
5364	5365;1.0E-4
5370	5371;1.0E-4
5379	5380;1.0E-4
5385	5386;1.0E-4
5391	5392;1.0E-4
540	541;1.0E-4
5403	5404;2.7749997E-5
5418	5419;1.0E-4
5424	5425;1.0E-4
5430	5431;1.0E-4
5439	5440;1.0E-4
5445	5446;1.0E-4
5451	5452;1.0E-4
5466	5467;1.0E-4
5472	5473;1.0E-4
5487	5488;1.0E-4
549	550;1.0E-4
5493	5494;1.0E-4
5505	5506;4.779937E-5
5511	5512;1.0E-4
5526	5527;1.0E-4
5532	5533;1.0E-4
5547	5548;1.0E-4
555	556;1.0E-4
5553	5554;1.0E-4
5568	5569;1.0E-4
5574	5575;1.0E-4
5580	5581;1.0E-4
5589	5590;1.0E-4
5595	5596;1.0E-4
5607	5608;6.228505E-5
561	562;1.0E-4
5613	5614;1.0E-4
5628	5629;1.0E-4
5634	5635;1.0E-4
5640	5641;1.0E-4
5649	5650;1.0E-4
5655	5656;1.0E-4
5661	5662;1.0E-4
5676	5677;1.0E-4
5682	5683;1.0E-4
5697	5698;1.0E-4
5700	0;1.0E-4
5709	5710;7.275095E-5
5715	5716;1.0E-4
5721	5722;1.0E-4
5736	5737;1.0E-4
5742	5743;1.0E-4
5757	5758;1.0E-4
576	577;1.0E-4
5763	5764;1.0E-4
5778	5779;1.0E-4
5784	5785;1.0E-4
5790	5791;1.0E-4
5799	5800;1.0E-4
5802	5803;1.4999998E-5
5817	5818;1.0E-4
582	583;1.0E-4
5823	5824;1.0E-4
5838	5839;1.0E-4
5844	5845;1.0E-4
5850	5851;1.0E-4
5859	5860;1.0E-4
5865	5866;1.0E-4
5871	5872;1.0E-4
5886	5887;1.0E-4
5892	5893;1.0E-4
5904	5905;3.8587496E-5
5910	5911;7.68383E-5
5919	5920;1.0E-4
5925	5926;1.0E-4
5931	5932;1.0E-4
5946	5947;1.0E-4
5952	5953;1.0E-4
5967	5968;1.0E-4
597	598;1.0E-4
5973	5974;1.0E-4
5988	5989;1.0E-4
5994	5995;1.0E-4
600	0;1.0E-4
6003	6004;2.7749997E-5
6018	6019;1.0E-4
6024	6025;1.0E-4
6030	6031;1.0E-4
6039	6040;1.0E-4
6045	6046;1.0E-4
6051	6052;1.0E-4
6066	6067;1.0E-4
6072	6073;1.0E-4
6087	6088;1.0E-4
609	610;7.275095E-5
6093	6094;1.0E-4
6105	6106;4.779937E-5
6111	6112;1.0E-4
6126	6127;1.0E-4
6132	6133;1.0E-4
6147	6148;1.0E-4
615	616;1.0E-4
6153	6154;1.0E-4
6168	6169;1.0E-4
6174	6175;1.0E-4
6180	6181;1.0E-4
6189	6190;1.0E-4
6195	6196;1.0E-4
6207	6208;6.228505E-5
621	622;1.0E-4
6213	6214;1.0E-4
6228	6229;1.0E-4
6234	6235;1.0E-4
6240	6241;1.0E-4
6249	6250;1.0E-4
6255	6256;1.0E-4
6261	6262;1.0E-4
6276	6277;1.0E-4
6282	6283;1.0E-4
6297	6298;1.0E-4
6300	0;1.0E-4
6309	6310;7.275095E-5
6315	6316;1.0E-4
6321	6322;1.0E-4
6336	6337;1.0E-4
6342	6343;1.0E-4
6357	6358;1.0E-4
636	637;1.0E-4
6363	6364;1.0E-4
6378	6379;1.0E-4
6384	6385;1.0E-4
6390	6391;1.0E-4
6399	6400;1.0E-4
6402	6403;1.4999998E-5
6417	6418;1.0E-4
642	643;1.0E-4
6423	6424;1.0E-4
6438	6439;1.0E-4
6444	6445;1.0E-4
6450	6451;1.0E-4
6459	6460;1.0E-4
6465	6466;1.0E-4
6471	6472;1.0E-4
6486	6487;1.0E-4
6492	6493;1.0E-4
6504	6505;3.8587496E-5
6510	6511;7.68383E-5
6519	6520;1.0E-4
6525	6526;1.0E-4
6531	6532;1.0E-4
6546	6547;1.0E-4
6552	6553;1.0E-4
6567	6568;1.0E-4
657	658;1.0E-4
6573	6574;1.0E-4
6588	6589;1.0E-4
6594	6595;1.0E-4
66	67;1.0E-4
6606	6607;5.5629465E-5
6612	6613;1.0E-4
6627	6628;1.0E-4
663	664;1.0E-4
6633	6634;1.0E-4
6648	6649;1.0E-4
6654	6655;1.0E-4
6660	6661;1.0E-4
6669	6670;1.0E-4
6675	6676;1.0E-4
6681	6682;1.0E-4
6696	6697;1.0E-4
6708	6709;6.7942296E-5
6714	6715;1.0E-4
6720	6721;1.0E-4
6729	6730;1.0E-4
6735	6736;1.0E-4
6741	6742;1.0E-4
6756	6757;1.0E-4
6762	6763;1.0E-4
6777	6778;1.0E-4
678	679;1.0E-4
6783	6784;1.0E-4
6798	6799;1.0E-4
6801	6802;0.0
6816	6817;1.0E-4
6822	6823;1.0E-4
6837	6838;1.0E-4
684	685;1.0E-4
6843	6844;1.0E-4
6858	6859;1.0E-4
6864	6865;1.0E-4
6870	6871;1.0E-4
6879	6880;1.0E-4
6885	6886;1.0E-4
6891	6892;1.0E-4
690	691;1.0E-4
6903	6904;2.7749997E-5
6918	6919;1.0E-4
6924	6925;1.0E-4
6930	6931;1.0E-4
6939	6940;1.0E-4
6945	6946;1.0E-4
6951	6952;1.0E-4
6966	6967;1.0E-4
6972	6973;1.0E-4
6987	6988;1.0E-4
699	700;1.0E-4
6993	6994;1.0E-4
7002	7003;1.4999998E-5
7017	7018;1.0E-4
702	703;1.4999998E-5
7023	7024;1.0E-4
7038	7039;1.0E-4
7044	7045;1.0E-4
7050	7051;1.0E-4
7059	7060;1.0E-4
7065	7066;1.0E-4
7071	7072;1.0E-4
7086	7087;1.0E-4
7092	7093;1.0E-4
7104	7105;3.8587496E-5
7110	7111;7.68383E-5
7119	7120;1.0E-4
7125	7126;1.0E-4
7131	7132;1.0E-4
7146	7147;1.0E-4
7152	7153;1.0E-4
7167	7168;1.0E-4
717	718;1.0E-4
7173	7174;1.0E-4
7188	7189;1.0E-4
7194	7195;1.0E-4
72	73;1.0E-4
7206	7207;5.5629465E-5
7212	7213;1.0E-4
7227	7228;1.0E-4
723	724;1.0E-4
7233	7234;1.0E-4
7248	7249;1.0E-4
7254	7255;1.0E-4
7260	7261;1.0E-4
7269	7270;1.0E-4
7275	7276;1.0E-4
7281	7282;1.0E-4
7296	7297;1.0E-4
7308	7309;6.7942296E-5
7314	7315;1.0E-4
7320	7321;1.0E-4
7329	7330;1.0E-4
7335	7336;1.0E-4
7341	7342;1.0E-4
7356	7357;1.0E-4
7362	7363;1.0E-4
7377	7378;1.0E-4
738	739;1.0E-4
7383	7384;1.0E-4
7398	7399;1.0E-4
7401	7402;0.0
7416	7417;1.0E-4
7422	7423;1.0E-4
7437	7438;1.0E-4
744	745;1.0E-4
7443	7444;1.0E-4
7458	7459;1.0E-4
7464	7465;1.0E-4
7470	7471;1.0E-4
7479	7480;1.0E-4
7485	7486;1.0E-4
7491	7492;1.0E-4
750	751;1.0E-4
7503	7504;2.7749997E-5
7518	7519;1.0E-4
7524	7525;1.0E-4
7530	7531;1.0E-4
7539	7540;1.0E-4
7545	7546;1.0E-4
7551	7552;1.0E-4
7566	7567;1.0E-4
7572	7573;1.0E-4
7587	7588;1.0E-4
759	760;1.0E-4
7593	7594;1.0E-4
7605	7606;4.779937E-5
7611	7612;1.0E-4
7626	7627;1.0E-4
7632	7633;1.0E-4
7647	7648;1.0E-4
765	766;1.0E-4
7653	7654;1.0E-4
7668	7669;1.0E-4
7674	7675;1.0E-4
7680	7681;1.0E-4
7689	7690;1.0E-4
7695	7696;1.0E-4
7707	7708;6.228505E-5
771	772;1.0E-4
7713	7714;1.0E-4
7728	7729;1.0E-4
7734	7735;1.0E-4
7740	7741;1.0E-4
7749	7750;1.0E-4
7755	7756;1.0E-4
7761	7762;1.0E-4
7776	7777;1.0E-4
7782	7783;1.0E-4
7797	7798;1.0E-4
7800	0;1.0E-4
7809	7810;7.275095E-5
7815	7816;1.0E-4
7821	7822;1.0E-4
7836	7837;1.0E-4
7842	7843;1.0E-4
7857	7858;1.0E-4
786	787;1.0E-4
7863	7864;1.0E-4
7878	7879;1.0E-4
7884	7885;1.0E-4
7890	7891;1.0E-4
7899	7900;1.0E-4
7902	7903;1.4999998E-5
7917	7918;1.0E-4
792	793;1.0E-4
7923	7924;1.0E-4
7938	7939;1.0E-4
7944	7945;1.0E-4
7950	7951;1.0E-4
7959	7960;1.0E-4
7965	7966;1.0E-4
7971	7972;1.0E-4
7986	7987;1.0E-4
7992	7993;1.0E-4
8001	8002;0.0
8016	8017;1.0E-4
8022	8023;1.0E-4
8037	8038;1.0E-4
804	805;3.8587496E-5
8043	8044;1.0E-4
8058	8059;1.0E-4
8064	8065;1.0E-4
8070	8071;1.0E-4
8079	8080;1.0E-4
8085	8086;1.0E-4
8091	8092;1.0E-4
810	811;7.68383E-5
8103	8104;2.7749997E-5
8118	8119;1.0E-4
8124	8125;1.0E-4
8130	8131;1.0E-4
8139	8140;1.0E-4
8145	8146;1.0E-4
8151	8152;1.0E-4
8166	8167;1.0E-4
8172	8173;1.0E-4
8187	8188;1.0E-4
819	820;1.0E-4
8193	8194;1.0E-4
8205	8206;4.779937E-5
8211	8212;1.0E-4
8226	8227;1.0E-4
8232	8233;1.0E-4
8247	8248;1.0E-4
825	826;1.0E-4
8253	8254;1.0E-4
8268	8269;1.0E-4
8274	8275;1.0E-4
8280	8281;1.0E-4
8289	8290;1.0E-4
8295	8296;1.0E-4
8307	8308;6.228505E-5
831	832;1.0E-4
8313	8314;1.0E-4
8328	8329;1.0E-4
8334	8335;1.0E-4
8340	8341;1.0E-4
8349	8350;1.0E-4
8355	8356;1.0E-4
8361	8362;1.0E-4
8376	8377;1.0E-4
8382	8383;1.0E-4
8397	8398;1.0E-4
8400	0;1.0E-4
8409	8410;7.275095E-5
8415	8416;1.0E-4
8421	8422;1.0E-4
8436	8437;1.0E-4
8442	8443;1.0E-4
8457	8458;1.0E-4
846	847;1.0E-4
8463	8464;1.0E-4
8478	8479;1.0E-4
8484	8485;1.0E-4
8490	8491;1.0E-4
8499	8500;1.0E-4
8502	8503;1.4999998E-5
8517	8518;1.0E-4
852	853;1.0E-4
8523	8524;1.0E-4
8538	8539;1.0E-4
8544	8545;1.0E-4
8550	8551;1.0E-4
8559	8560;1.0E-4
8565	8566;1.0E-4
8571	8572;1.0E-4
8586	8587;1.0E-4
8592	8593;1.0E-4
8604	8605;3.8587496E-5
8610	8611;7.68383E-5
8619	8620;1.0E-4
8625	8626;1.0E-4
8631	8632;1.0E-4
8646	8647;1.0E-4
8652	8653;1.0E-4
8667	8668;1.0E-4
867	868;1.0E-4
8673	8674;1.0E-4
8688	8689;1.0E-4
8694	8695;1.0E-4
87	88;1.0E-4
8706	8707;5.5629465E-5
8712	8713;1.0E-4
8727	8728;1.0E-4
873	874;1.0E-4
8733	8734;1.0E-4
8748	8749;1.0E-4
8754	8755;1.0E-4
8760	8761;1.0E-4
8769	8770;1.0E-4
8775	8776;1.0E-4
8781	8782;1.0E-4
8796	8797;1.0E-4
8808	8809;6.7942296E-5
8814	8815;1.0E-4
8820	8821;1.0E-4
8829	8830;1.0E-4
8835	8836;1.0E-4
8841	8842;1.0E-4
8856	8857;1.0E-4
8862	8863;1.0E-4
8877	8878;1.0E-4
888	889;1.0E-4
8883	8884;1.0E-4
8898	8899;1.0E-4
8901	8902;0.0
8916	8917;1.0E-4
8922	8923;1.0E-4
8937	8938;1.0E-4
894	895;1.0E-4
8943	8944;1.0E-4
8958	8959;1.0E-4
8964	8965;1.0E-4
8970	8971;1.0E-4
8979	8980;1.0E-4
8985	8986;1.0E-4
8991	8992;1.0E-4
9	10;7.275095E-5
9000	0;1.0E-4
9009	9010;7.275095E-5
9015	9016;1.0E-4
9021	9022;1.0E-4
9036	9037;1.0E-4
9042	9043;1.0E-4
9057	9058;1.0E-4
906	907;5.5629465E-5
9063	9064;1.0E-4
9078	9079;1.0E-4
9084	9085;1.0E-4
9090	9091;1.0E-4
9099	9100;1.0E-4
9102	9103;1.4999998E-5
9117	9118;1.0E-4
912	913;1.0E-4
9123	9124;1.0E-4
9138	9139;1.0E-4
9144	9145;1.0E-4
9150	9151;1.0E-4
9159	9160;1.0E-4
9165	9166;1.0E-4
9171	9172;1.0E-4
9186	9187;1.0E-4
9192	9193;1.0E-4
9204	9205;3.8587496E-5
9210	9211;7.68383E-5
9219	9220;1.0E-4
9225	9226;1.0E-4
9231	9232;1.0E-4
9246	9247;1.0E-4
9252	9253;1.0E-4
9267	9268;1.0E-4
927	928;1.0E-4
9273	9274;1.0E-4
9288	9289;1.0E-4
9294	9295;1.0E-4
93	94;1.0E-4
9306	9307;5.5629465E-5
9312	9313;1.0E-4
9327	9328;1.0E-4
933	934;1.0E-4
9333	9334;1.0E-4
9348	9349;1.0E-4
9354	9355;1.0E-4
9360	9361;1.0E-4
9369	9370;1.0E-4
9375	9376;1.0E-4
9381	9382;1.0E-4
9396	9397;1.0E-4
9408	9409;6.7942296E-5
9414	9415;1.0E-4
9420	9421;1.0E-4
9429	9430;1.0E-4
9435	9436;1.0E-4
9441	9442;1.0E-4
9456	9457;1.0E-4
9462	9463;1.0E-4
9477	9478;1.0E-4
948	949;1.0E-4
9483	9484;1.0E-4
9498	9499;1.0E-4
9501	9502;0.0
9516	9517;1.0E-4
9522	9523;1.0E-4
9537	9538;1.0E-4
954	955;1.0E-4
9543	9544;1.0E-4
9558	9559;1.0E-4
9564	9565;1.0E-4
9570	9571;1.0E-4
9579	9580;1.0E-4
9585	9586;1.0E-4
9591	9592;1.0E-4
960	961;1.0E-4
9603	9604;2.7749997E-5
9618	9619;1.0E-4
9624	9625;1.0E-4
9630	9631;1.0E-4
9639	9640;1.0E-4
9645	9646;1.0E-4
9651	9652;1.0E-4
9666	9667;1.0E-4
9672	9673;1.0E-4
9687	9688;1.0E-4
969	970;1.0E-4
9693	9694;1.0E-4
9705	9706;4.779937E-5
9711	9712;1.0E-4
9726	9727;1.0E-4
9732	9733;1.0E-4
9747	9748;1.0E-4
975	976;1.0E-4
9753	9754;1.0E-4
9768	9769;1.0E-4
9774	9775;1.0E-4
9780	9781;1.0E-4
9789	9790;1.0E-4
9795	9796;1.0E-4
9807	9808;6.228505E-5
981	982;1.0E-4
9813	9814;1.0E-4
9828	9829;1.0E-4
9834	9835;1.0E-4
9840	9841;1.0E-4
9849	9850;1.0E-4
9855	9856;1.0E-4
9861	9862;1.0E-4
9876	9877;1.0E-4
9882	9883;1.0E-4
9897	9898;1.0E-4
9900	0;1.0E-4
9909	9910;7.275095E-5
9915	9916;1.0E-4
9921	9922;1.0E-4
9936	9937;1.0E-4
9942	9943;1.0E-4
9957	9958;1.0E-4
996	997;1.0E-4
9963	9964;1.0E-4
9978	9979;1.0E-4
9984	9985;1.0E-4
9990	9991;1.0E-4
9999	10000;1.0E-4
